# Header FITS:
# SIMPLE: True
# BITPIX: 16
# NAXIS: 2
# NAXIS1: 3072
# NAXIS2: 2048
# EXTEND: True
# COMMENT:   FITS (Flexible Image Transport System) format is defined in 'Astronomy
# COMMENT:   and Astrophysics', volume 376, page 359; bibcode: 2001A&A...376..359H
# BZERO: 32768
# BSCALE: 1
# DATE-OBS: 2025-12-21T04:23:49.179
# DATE-END: 2025-12-21T04:23:49.323
# TSTART: 1766291029179.22
# TSTOP: 1766291029209.23
# DATE: 2025-12-21T04:23:49
# EXPOSURE: 30000.0
# COMMENT: Start of commanded pointing details
# RA0: -4.495259e-10
# DEC0: 4.591495e-41
# EPOCH0: 0.0
# WCSAXES: 2
# CTYPE1: RA---TAN-SIP
# CTYPE2: DEC--TAN-SIP
# RA: 166.114194475988
# DEC: 38.7104630669007
# EQUINOX: 2000.0
# CRVAL1: 166.114194475988
# CRVAL2: 38.7104630669007
# CRPIX1: 1535.5
# CRPIX2: 1023.5
# CD1_1: 0.00051180884324593
# CD1_2: 0.00175370498072172
# CD2_1: -0.00175352679186867
# CD2_2: 0.000512445732434551
# A_ORDER: 2
# A_0_2: -1.78551170880863e-06
# A_1_1: 4.5025354312985e-07
# A_2_0: 2.13052274860739e-07
# B_ORDER: 2
# B_0_2: 3.88845603287719e-08
# B_1_1: 7.22003325409677e-07
# B_2_0: -2.62960981226032e-07
# AP_ORDER: 2
# AP_0_0: -1.15555122274162e-05
# AP_0_1: 6.60201865416244e-07
# AP_0_2: 1.78560455488309e-06
# AP_1_0: -1.17107649138225e-06
# AP_1_1: -4.50216239947507e-07
# AP_2_0: -2.13071844130709e-07
# BP_ORDER: 2
# BP_0_0: -6.56046198210802e-06
# BP_0_1: -4.95061685222362e-07
# BP_0_2: -3.88505816500957e-08
# BP_1_0: 4.34357425988333e-08
# BP_1_1: -7.22058520726242e-07
# BP_2_0: 2.62970780263262e-07
# PERCORSO_FILE: /home/lorysimeone/tesi_magistrale/pmc_photometry/blazar/PMC_DATA_BLAZAR/20251220/run_00000002/20251221_042349.fits
#
ID,RAJ2000,DEJ2000,Mag,Catalogo
151531680904675271,168.09057648,36.27887217,13.1279,II/389/ps1_dr2
151531680908995637,168.09068261,36.27902924,11.739,II/389/ps1_dr2
151511679170969498,167.917052411,36.26567812763,13.5323,II/389/ps1_dr2
151601681178423212,168.11789688411,36.33541518969,14.4168,II/389/ps1_dr2
151121663939457400,166.39390529404,35.9390144964,13.7107,II/389/ps1_dr2
151131663155188881,166.31568777041,35.94857995104,10.8512,II/389/ps1_dr2
151181663221327790,166.32206420516,35.98934723607,13.8458,II/389/ps1_dr2
151151662846472114,166.28461593679,35.95960264701,14.6867,II/389/ps1_dr2
151131667004980324,166.70056873501,35.94144883875,14.6673,II/389/ps1_dr2
151191666756150505,166.67567017202,35.9915825326,13.6064,II/389/ps1_dr2
151351669037394032,166.90371057287,36.12794767319,13.3702,II/389/ps1_dr2
151131664636124685,166.46358719667,35.94506127306,12.454,II/389/ps1_dr2
151131664638904900,166.46396474,35.94503636,13.3567,II/389/ps1_dr2
151251665784587284,166.57848603849,36.04716363834,14.7973,II/389/ps1_dr2
151241663283378185,166.32829500072,36.03963632616,14.8667,II/389/ps1_dr2
151241663560646269,166.35602729644,36.03804252531,14.2923,II/389/ps1_dr2
151421664894150660,166.48938890477,36.18330578013,13.9339,II/389/ps1_dr2
151441667316976360,166.73166905299,36.20487805994,13.974,II/389/ps1_dr2
151541665171692018,166.51702992813,36.28448336594,12.626,II/389/ps1_dr2
151561666790730449,166.67904043835,36.29986751144,14.1834,II/389/ps1_dr2
151631666244621018,166.62446517492,36.35865612657,14.0387,II/389/ps1_dr2
151641666645769058,166.66457367357,36.37370285093,13.045,II/389/ps1_dr2
151361675207258460,167.52056125111,36.13988332251,13.4666,II/389/ps1_dr2
151451674867062154,167.48658141892,36.20960623315,14.2504,II/389/ps1_dr2
151471673992460706,167.39932986,36.22511163,11.1607,II/389/ps1_dr2
151491674018339454,167.40172367692,36.24906345406,13.17,II/389/ps1_dr2
151521673083538474,167.3082645425,36.27323139975,13.8079,II/389/ps1_dr2
151531672261967164,167.22614701949,36.28047866701,14.6177,II/389/ps1_dr2
151541672258820894,167.22585711173,36.28357239588,14.9118,II/389/ps1_dr2
151561673277498569,167.3279408,36.3066183,12.6978,II/389/ps1_dr2
151571673274612706,167.32759079,36.31021643,7.0301,II/389/ps1_dr2
151571673288695799,167.32895151,36.31250412,14.3866,II/389/ps1_dr2
151571673302070499,167.33020443,36.30815493,12.7953,II/389/ps1_dr2
151561673706243876,167.3705558093,36.30273339752,14.5981,II/389/ps1_dr2
151591672770616346,167.27711043244,36.32975888997,14.519,II/389/ps1_dr2
151431676617003232,167.66163233697,36.19383525932,13.7982,II/389/ps1_dr2
151521677941952937,167.79413874812,36.26857489894,13.152,II/389/ps1_dr2
151481676751299871,167.6750528907,36.24104482944,12.902,II/389/ps1_dr2
151471675978245278,167.59762888724,36.22885614032,13.2606,II/389/ps1_dr2
151581676131707619,167.61311736885,36.32246386559,13.6213,II/389/ps1_dr2
151501676914789778,167.69135722,36.25761118,11.9993,II/389/ps1_dr2
151501676919289981,167.6919087,36.25777971,11.22,II/389/ps1_dr2
151511676918650339,167.69170666,36.2579961,13.3503,II/389/ps1_dr2
151501676923639787,167.69233523,36.25751177,13.4508,II/389/ps1_dr2
151581679186320482,167.91861247165,36.31650474291,13.6204,II/389/ps1_dr2
151581678932901841,167.89325531864,36.31763121936,14.7038,II/389/ps1_dr2
151561678434889784,167.84344946257,36.3075967158,12.861,II/389/ps1_dr2
151671678586599370,167.85862729553,36.39892146075,13.496,II/389/ps1_dr2
151631679281409262,167.92814505794,36.36548186508,14.6886,II/389/ps1_dr2
151701677909180581,167.79086739815,36.4166093899,13.7864,II/389/ps1_dr2
151751678655314537,167.86550702026,36.46155710409,14.1564,II/389/ps1_dr2
151881678891102524,167.88898534927,36.56814304085,12.527,II/389/ps1_dr2
151881678889512209,167.88889108,36.56790337,12.4069,II/389/ps1_dr2
151611675632208746,167.56321279,36.3484392,12.493,II/389/ps1_dr2
151611675635768824,167.56342052209,36.34837405336,14.1425,II/389/ps1_dr2
151621675240456971,167.52400527,36.35530666,13.2121,II/389/ps1_dr2
151771675969613239,167.59693154122,36.47717046087,14.4358,II/389/ps1_dr2
151781675970048456,167.5972474,36.48996155,11.579,II/389/ps1_dr2
151681674791991478,167.47915527809,36.40073103813,14.9291,II/389/ps1_dr2
151691673838437930,167.38372601923,36.41439856185,14.2901,II/389/ps1_dr2
151681673662955306,167.36622325918,36.40394629397,14.0124,II/389/ps1_dr2
151731674293728843,167.42921766,36.44854154,13.2892,II/389/ps1_dr2
151731674287818382,167.42876356,36.44815271,12.6738,II/389/ps1_dr2
151781675276809921,167.52770944494,36.49115263243,13.486,II/389/ps1_dr2
151781677033311539,167.70321923,36.48384628,11.7138,II/389/ps1_dr2
151781677039371586,167.70381267,36.48402003,10.7086,II/389/ps1_dr2
151851676117144804,167.6117326,36.54516035,13.578,II/389/ps1_dr2
151851676124285510,167.61236475,36.54562573,11.7073,II/389/ps1_dr2
151851676121825014,167.61219731,36.54551892,11.239,II/389/ps1_dr2
151851676127864772,167.61276865,36.54522554,14.2893,II/389/ps1_dr2
151991676795862932,167.6795198147,36.66023764925,13.9834,II/389/ps1_dr2
151271669954294685,166.99532615451,36.06176348572,13.7569,II/389/ps1_dr2
151271669955751988,166.99549658909,36.05950122395,14.6511,II/389/ps1_dr2
151431669257716650,166.92570831751,36.19677046707,13.7775,II/389/ps1_dr2
151491668842052508,166.88418061154,36.24330424379,13.8917,II/389/ps1_dr2
151561669031079365,166.90310899586,36.30729101635,14.3445,II/389/ps1_dr2
151551671727217311,167.17262956267,36.29728166131,13.359,II/389/ps1_dr2
151551672129276678,167.21286637103,36.29674455445,14.3022,II/389/ps1_dr2
151601671955352439,167.19547112594,36.33485241456,14.7563,II/389/ps1_dr2
151611671073718992,167.10729155752,36.348663523,14.9842,II/389/ps1_dr2
151671671647287310,167.16471985,36.39723616,11.8588,II/389/ps1_dr2
151671671650847665,167.16502702,36.39764443,10.897,II/389/ps1_dr2
151671671650988049,167.16506315,36.39779845,10.7829,II/389/ps1_dr2
151701672269630609,167.22684994502,36.41668485186,11.885,II/389/ps1_dr2
151701672265260663,167.22673203,36.41649956,12.9662,II/389/ps1_dr2
151761672719016036,167.27193153,36.4712193,11.0737,II/389/ps1_dr2
151761672715896512,167.27163526,36.47153467,10.821,II/389/ps1_dr2
151761672720516553,167.27214873,36.47177066,10.8832,II/389/ps1_dr2
151661670635552891,167.06344748378,36.38526538311,13.6615,II/389/ps1_dr2
151741670604366618,167.06020415,36.45491408,8.7896,II/389/ps1_dr2
151741670610266797,167.06110863,36.45536432,13.1457,II/389/ps1_dr2
151741670603825974,167.06019974,36.4545825,8.4994,II/389/ps1_dr2
151841671003145505,167.10022690506,36.53742833164,14.4284,II/389/ps1_dr2
151671669445037307,166.94444439128,36.39725414401,14.8795,II/389/ps1_dr2
151791669057635764,166.90571805801,36.49599551206,13.6116,II/389/ps1_dr2
151741667200044613,166.72009681255,36.45343090879,12.267,II/389/ps1_dr2
151741667201055211,166.72023773,36.45365029,13.1791,II/389/ps1_dr2
151731670019868186,167.00190933828,36.44802334828,13.5389,II/389/ps1_dr2
151821670308425837,167.03073928442,36.52106984124,14.9667,II/389/ps1_dr2
151781669501495758,166.95013659904,36.48764112326,14.7779,II/389/ps1_dr2
151921670562623161,167.05619864697,36.60213343121,14.7904,II/389/ps1_dr2
151961670530661155,167.05300920223,36.63378397267,13.7613,II/389/ps1_dr2
151961670540881424,167.05394342307,36.63404826884,11.781,II/389/ps1_dr2
151951670308420446,167.03080028896,36.62484840972,14.9409,II/389/ps1_dr2
151911668424335213,166.84204182,36.59530993,10.0242,II/389/ps1_dr2
151911668420485027,166.84234539,36.59568971,9.99,II/389/ps1_dr2
152001669758873328,166.9758421004,36.66894401597,13.482,II/389/ps1_dr2
152001669784694377,166.97853862,36.66987412,11.5494,II/389/ps1_dr2
152031670047208993,167.00464952985,36.69866196075,13.7366,II/389/ps1_dr2
151841673676176695,167.36760499179,36.53840825785,13.312,II/389/ps1_dr2
151941672760951753,167.27603585393,36.61756033617,14.7389,II/389/ps1_dr2
152041673902736239,167.39016772,36.70469068,12.2819,II/389/ps1_dr2
152041673897106634,167.38966782,36.70503683,13.0636,II/389/ps1_dr2
152041673900756845,167.39008492,36.70515593,11.354,II/389/ps1_dr2
152041675848460272,167.58467712,36.69967267,14.9162,II/389/ps1_dr2
152041675842700465,167.58426084905,36.69987323414,13.189,II/389/ps1_dr2
152041675641239688,167.56407912358,36.70753655422,14.1841,II/389/ps1_dr2
152061675007135129,167.50067844996,36.72042246515,14.6345,II/389/ps1_dr2
152061674655370188,167.46548406003,36.71628505724,14.2586,II/389/ps1_dr2
152191674816531330,167.48162072468,36.82557914037,14.4121,II/389/ps1_dr2
152221674154635437,167.41544055928,36.85400147514,13.6673,II/389/ps1_dr2
152171675083823697,167.50839613,36.81108768,13.9306,II/389/ps1_dr2
152171675086313987,167.50855674,36.8111466,11.911,II/389/ps1_dr2
152271675978702321,167.59783321529,36.89305423962,14.4039,II/389/ps1_dr2
151971671360797615,167.13598595825,36.64745660717,14.2574,II/389/ps1_dr2
152061672087746732,167.20878813188,36.72176436478,12.454,II/389/ps1_dr2
152091671503144712,167.15028790348,36.7450669352,14.5603,II/389/ps1_dr2
152111670488117268,167.04861243451,36.76374968018,12.7466,II/389/ps1_dr2
152121670396834932,167.03963889523,36.77026750488,14.9175,II/389/ps1_dr2
152271674164007854,167.41638292504,36.89766397307,14.8225,II/389/ps1_dr2
152261673214260051,167.32115246727,36.88277946401,12.779,II/389/ps1_dr2
152251673205299711,167.32046628432,36.88257338824,14.7854,II/389/ps1_dr2
152311673275566893,167.327529771,36.93021467641,14.874,II/389/ps1_dr2
152331672246140806,167.22439998,36.94172336,10.711,II/389/ps1_dr2
152331672243530487,167.22455101,36.94155955,10.5292,II/389/ps1_dr2
152351672105102683,167.2104267825,36.96006812851,13.3298,II/389/ps1_dr2
152431672330362634,167.23299244425,37.02667684482,14.563,II/389/ps1_dr2
152471673468489028,167.34681270849,37.06533650603,14.1602,II/389/ps1_dr2
152551673509927337,167.35093002361,37.13061665769,13.4663,II/389/ps1_dr2
150731651704555776,165.17041641779,35.61259997029,14.1099,II/389/ps1_dr2
150731652011926381,165.20115667562,35.61310319309,14.9472,II/389/ps1_dr2
150911658192019361,165.81919224158,35.76554281601,12.67,II/389/ps1_dr2
150751653711713610,165.37118435688,35.62745787197,14.0416,II/389/ps1_dr2
150821655290875023,165.52909880542,35.68696889317,14.5399,II/389/ps1_dr2
150841655573519758,165.55746699,35.70751541,13.8684,II/389/ps1_dr2
150841655577259504,165.55771533287,35.70738439313,11.411,II/389/ps1_dr2
150841655579449146,165.557957,35.70712347,12.4753,II/389/ps1_dr2
150851653895496329,165.38929221,35.71295935,14.9787,II/389/ps1_dr2
150931653970519301,165.39698744533,35.78221581309,13.6931,II/389/ps1_dr2
150991654114280723,165.4114511606,35.82505848647,14.3856,II/389/ps1_dr2
150921656609526998,165.66092554923,35.77200691382,14.7665,II/389/ps1_dr2
151001657006385496,165.70059851379,35.83739217032,12.994,II/389/ps1_dr2
151061656787864358,165.67880168936,35.8864339415,12.812,II/389/ps1_dr2
151071656714189573,165.67140621292,35.89912965715,14.0464,II/389/ps1_dr2
150971654907487065,165.49075830738,35.81368038216,14.0018,II/389/ps1_dr2
150991654744163641,165.47427198,35.82720206,11.7768,II/389/ps1_dr2
150991654747703666,165.47508116,35.82738623,11.782,II/389/ps1_dr2
150991654738333377,165.47428806,35.82749722,11.5728,II/389/ps1_dr2
151081654614981503,165.46150365152,35.90071059848,14.6797,II/389/ps1_dr2
151151656365623407,165.63659042927,35.96063394232,14.5188,II/389/ps1_dr2
151151655591251283,165.55911967105,35.95886802606,13.4592,II/389/ps1_dr2
151171655672041225,165.56719496752,35.97548683804,13.5447,II/389/ps1_dr2
150681648615029741,164.8614887996,35.57426929949,13.5355,II/389/ps1_dr2
150691650132387036,165.01321174869,35.58031531152,13.504,II/389/ps1_dr2
150791651499880445,165.14982324552,35.65816533726,12.2626,II/389/ps1_dr2
150891649917521082,164.99173649686,35.74199038329,14.6678,II/389/ps1_dr2
150891649932778449,164.99324869802,35.74816561344,14.2676,II/389/ps1_dr2
150901649504534873,164.95041723969,35.75350807996,13.484,II/389/ps1_dr2
150851650357372611,165.03572970484,35.70997395709,14.9956,II/389/ps1_dr2
150851648168315784,164.81675804,35.71266733,11.7357,II/389/ps1_dr2
150861648768623039,164.87682659265,35.7186830762,11.982,II/389/ps1_dr2
150911649464026783,164.94640325977,35.76342754939,12.649,II/389/ps1_dr2
151101649975069498,164.99751158007,35.92404186964,14.6659,II/389/ps1_dr2
150971647831987120,164.78315115849,35.81371465348,14.1128,II/389/ps1_dr2
151121649039114057,164.90385181089,35.93619414296,14.7454,II/389/ps1_dr2
151131648221006657,164.82212684,35.9467434,14.2316,II/389/ps1_dr2
151131648224156402,164.82238412303,35.94651656642,13.199,II/389/ps1_dr2
151141648236779927,164.82360429,35.9577889,13.3645,II/389/ps1_dr2
151151648236270423,164.82390572,35.95812938,13.6485,II/389/ps1_dr2
150841652378338824,165.23779793118,35.70679264877,13.4631,II/389/ps1_dr2
151081650944264930,165.09444828703,35.90357313647,14.2279,II/389/ps1_dr2
151081651476539702,165.14770208595,35.90756820311,14.8664,II/389/ps1_dr2
151141652749996910,165.27498141379,35.95519749918,14.653,II/389/ps1_dr2
151151651568742011,165.15688976874,35.95949520561,12.729,II/389/ps1_dr2
151141654622457016,165.46224279613,35.95531324901,14.8951,II/389/ps1_dr2
151251654144503308,165.41439169548,36.04391092985,12.689,II/389/ps1_dr2
151201655090265596,165.50905241302,36.00412489689,14.951,II/389/ps1_dr2
151281655424906137,165.54256617527,36.07121778295,12.125,II/389/ps1_dr2
151281655424975793,165.54260068,36.07105811,14.196,II/389/ps1_dr2
151281653639760091,165.36398645537,36.06617777701,14.0716,II/389/ps1_dr2
151271653154899632,165.315729,36.06601,9.538,II/389/ps1_dr2
151271653160529532,165.31598603,36.0658971,10.6626,II/389/ps1_dr2
151281653161580026,165.31593147,36.06621434,10.1131,II/389/ps1_dr2
151271653164129521,165.31647674,36.06559307,13.849,II/389/ps1_dr2
151301653398290294,165.33982121079,36.08304373439,14.1271,II/389/ps1_dr2
151311654392951955,165.4393091445,36.09278608839,14.1096,II/389/ps1_dr2
151431654335628837,165.43361278006,36.1984956465,12.993,II/389/ps1_dr2
151151650758964976,165.07589672629,35.96196546456,14.7536,II/389/ps1_dr2
151261650897237160,165.08972240931,36.05544841652,14.9235,II/389/ps1_dr2
151281651152499968,165.11524867911,36.07445106255,14.0188,II/389/ps1_dr2
151301650893222415,165.08912772255,36.08485793314,13.0332,II/389/ps1_dr2
151301650888922488,165.08885919,36.08504195,11.637,II/389/ps1_dr2
151291649434463528,164.94343698287,36.07740850962,13.352,II/389/ps1_dr2
151311650020758314,165.00204305214,36.09803677791,13.7041,II/389/ps1_dr2
151301650883172688,165.08839297034,36.08498400206,13.4367,II/389/ps1_dr2
151391652986378873,165.29864951972,36.16517162226,13.679,II/389/ps1_dr2
151451652132185515,165.21319496683,36.21242751738,14.6405,II/389/ps1_dr2
151521651095071276,165.10949216051,36.26719350254,13.991,II/389/ps1_dr2
151581652071248264,165.20712031956,36.32301983012,14.4979,II/389/ps1_dr2
151191648144363349,164.81444948418,35.99396051434,14.9387,II/389/ps1_dr2
151221647683073123,164.76819271853,36.01875923293,14.3869,II/389/ps1_dr2
151361647389520539,164.73895441865,36.1332713441,14.5727,II/389/ps1_dr2
151361647711453645,164.77133877468,36.13596453992,12.5856,II/389/ps1_dr2
151361647713784010,164.77135639328,36.13596203841,12.597,II/389/ps1_dr2
151361647275894202,164.72763726123,36.13633987139,12.557,II/389/ps1_dr2
151401647357537297,164.73579645415,36.17222387521,14.4539,II/389/ps1_dr2
151431647401284169,164.74015968466,36.19461036672,14.4667,II/389/ps1_dr2
151311648824584980,164.8821641,36.09539474,12.5763,II/389/ps1_dr2
151311648856221886,164.88554002,36.09274531,13.1073,II/389/ps1_dr2
151311648863963337,164.8863845,36.09387328,12.7123,II/389/ps1_dr2
151311648877190971,164.88762992,36.09201859,12.7789,II/389/ps1_dr2
151301648757483916,164.87577662,36.08615428,13.3087,II/389/ps1_dr2
151381648284224008,164.82842906258,36.15282157777,14.0434,II/389/ps1_dr2
151451647539093159,164.75395222184,36.21042882964,13.189,II/389/ps1_dr2
151551647767565879,164.7767609344,36.29603570335,13.8077,II/389/ps1_dr2
151551649052099764,164.90517119353,36.29926488706,14.8227,II/389/ps1_dr2
151621649074150566,164.90736754321,36.34993289489,13.767,II/389/ps1_dr2
151631648332730234,164.83322572054,36.3579332688,14.7757,II/389/ps1_dr2
151681648688204373,164.86878826493,36.40309437511,13.6959,II/389/ps1_dr2
151541650771014576,165.07709292425,36.28661607887,14.9204,II/389/ps1_dr2
151571650530918296,165.05319631406,36.31464668181,11.468,II/389/ps1_dr2
151571650534358588,165.05338749,36.31512443,13.0398,II/389/ps1_dr2
151661651350625966,165.13507455887,36.38776722682,14.6877,II/389/ps1_dr2
151671649961506203,164.99616554216,36.39628191556,14.5206,II/389/ps1_dr2
151671650017099303,165.00173029996,36.39886323219,13.4915,II/389/ps1_dr2
151771650546270744,165.05472721807,36.47501932328,12.454,II/389/ps1_dr2
151591647488852950,164.74884191074,36.32687521865,14.432,II/389/ps1_dr2
151591647363136539,164.73630768161,36.32987588905,13.4242,II/389/ps1_dr2
151631647451692858,164.74510191348,36.36015453046,14.8957,II/389/ps1_dr2
151791647942248522,164.79394563,36.49838565,12.0822,II/389/ps1_dr2
151661646170397552,164.61698146076,36.38906687676,14.576,II/389/ps1_dr2
151721645505592470,164.55051747328,36.43481859643,14.9293,II/389/ps1_dr2
151781646491130926,164.64907855738,36.48351178246,13.385,II/389/ps1_dr2
151801647124352267,164.71222687,36.50143325,11.755,II/389/ps1_dr2
151801647127041993,164.71246447,36.50128,12.3504,II/389/ps1_dr2
151871647025680180,164.70251712978,36.5579033221,14.5238,II/389/ps1_dr2
151821648745260471,164.874392,36.516674,9.321,II/389/ps1_dr2
151821648748400657,164.8745594,36.51653526,9.8842,II/389/ps1_dr2
151821648753910268,164.87536093,36.51633522,9.8687,II/389/ps1_dr2
151871648559024364,164.85586054,36.56146291,14.9288,II/389/ps1_dr2
151871648555364252,164.85547534956,36.56132834101,11.732,II/389/ps1_dr2
151871650081360727,165.00818719722,36.5583302752,13.9845,II/389/ps1_dr2
151961650199689025,165.01995247645,36.64027511837,14.8403,II/389/ps1_dr2
152021649339938355,164.9339796346,36.68967216784,13.6377,II/389/ps1_dr2
152051648681620964,164.86813301123,36.70851253809,13.7663,II/389/ps1_dr2
151801645681781081,164.56800085,36.500091,11.0721,II/389/ps1_dr2
151801645685130994,164.56841412,36.50029483,11.059,II/389/ps1_dr2
151871645764679084,164.57638327633,36.56532977467,14.88,II/389/ps1_dr2
151951645942024468,164.59417268358,36.62814153496,13.477,II/389/ps1_dr2
152031647419208698,164.74204097,36.69846534,14.6658,II/389/ps1_dr2
152031647415328698,164.7414884956,36.69830077022,13.5572,II/389/ps1_dr2
152061646955982608,164.69585832,36.71896069,11.3132,II/389/ps1_dr2
152051647096755968,164.70964907908,36.71270383729,14.9298,II/389/ps1_dr2
152061646952063089,164.69496729,36.7183521,10.9729,II/389/ps1_dr2
152101648081471866,164.80813899655,36.7509372723,13.487,II/389/ps1_dr2
152121648147289733,164.81471743699,36.77417222034,14.8775,II/389/ps1_dr2
152181647258994088,164.72586558443,36.81946079703,13.8446,II/389/ps1_dr2
152251647366967755,164.73668576999,36.88087881586,14.8255,II/389/ps1_dr2
152271647363647900,164.73633414422,36.89767405869,14.8118,II/389/ps1_dr2
152271646260020301,164.62598485674,36.8913105534,14.1843,II/389/ps1_dr2
152181644792380620,164.47921877257,36.81659018795,13.411,II/389/ps1_dr2
152191645382938027,164.5382238985,36.83111700611,14.5818,II/389/ps1_dr2
152261645433199012,164.54334131318,36.8902530124,14.1237,II/389/ps1_dr2
152431646034577497,164.60346609,37.03088144,13.2317,II/389/ps1_dr2
152431646037967305,164.60379407,37.03053767,14.5445,II/389/ps1_dr2
152431646041327969,164.60378494,37.03100811,10.941,II/389/ps1_dr2
152431646052405548,164.60525681,37.02907827,13.1873,II/389/ps1_dr2
152431646056864579,164.60559377,37.02842,9.0449,II/389/ps1_dr2
152431646062424014,164.60627911,37.02783817,13.0702,II/389/ps1_dr2
152441645633867259,164.56338364582,37.03881759112,13.866,II/389/ps1_dr2
152441645387825174,164.53872618528,37.03709826973,13.128,II/389/ps1_dr2
151001659782977367,165.97825203307,35.83894038108,14.7668,II/389/ps1_dr2
151071660429428270,166.04290505445,35.89797527565,12.8414,II/389/ps1_dr2
151091660616541402,166.06175322524,35.90902763084,12.1141,II/389/ps1_dr2
151101660374991626,166.03747388088,35.91749081898,14.5128,II/389/ps1_dr2
150991658920378966,165.8919757356,35.8319697465,12.8204,II/389/ps1_dr2
151041658645900707,165.86424517,35.86673624,14.7363,II/389/ps1_dr2
151041658641380435,165.86413378321,35.86647449527,12.347,II/389/ps1_dr2
151171659316666083,165.93166410017,35.97950741108,13.8274,II/389/ps1_dr2
151091660751819725,166.07518739335,35.91591548692,14.7333,II/389/ps1_dr2
151201661253666449,166.12533935808,36.00484652059,14.3628,II/389/ps1_dr2
151281662242312921,166.22417763838,36.06858344484,14.85,II/389/ps1_dr2
151311661675598561,166.16745252951,36.09828616108,12.682,II/389/ps1_dr2
151281660773712871,166.07728612864,36.06855744099,13.121,II/389/ps1_dr2
151311660617807936,166.06178326449,36.09774329537,14.3134,II/389/ps1_dr2
151341659985890375,165.9986100115,36.1164615523,14.9359,II/389/ps1_dr2
151321660998980621,166.09970965789,36.09996434384,12.3021,II/389/ps1_dr2
151351660789921216,166.0789724382,36.12542952998,14.9814,II/389/ps1_dr2
151411661357247028,166.13566912187,36.18030289622,14.4376,II/389/ps1_dr2
151081657399745519,165.73999229098,35.90407410273,14.3986,II/389/ps1_dr2
151111658018253344,165.80182583753,35.92726066808,13.8066,II/389/ps1_dr2
151141658310618220,165.83101207,35.95645762,10.5841,II/389/ps1_dr2
151141658315023590,165.83150057,35.95249172,8.7215,II/389/ps1_dr2
151141658320846793,165.83198715,35.95520731,8.3081,II/389/ps1_dr2
151141658324757193,165.8324186,35.95539391,8.3051,II/389/ps1_dr2
151191658431450199,165.84313152183,35.99129182536,13.359,II/389/ps1_dr2
151291657955888541,165.79557943164,36.08164863855,14.8939,II/389/ps1_dr2
151311658130488386,165.8131138142,36.09824896139,13.425,II/389/ps1_dr2
151341658652941614,165.86528337141,36.11754691163,14.6375,II/389/ps1_dr2
151211656576225791,165.65763017816,36.01261116803,14.4203,II/389/ps1_dr2
151271656975912128,165.69759153613,36.05958940361,11.968,II/389/ps1_dr2
151381657682580985,165.76818883585,36.15035010255,13.2835,II/389/ps1_dr2
151411659450076917,165.94495670467,36.18029411312,13.993,II/389/ps1_dr2
151451658948756169,165.89488251801,36.21300828538,14.6355,II/389/ps1_dr2
151521658949684335,165.89494293303,36.26981383019,14.1684,II/389/ps1_dr2
151391663400027021,166.33995574552,36.16365293017,14.6338,II/389/ps1_dr2
151391662588272778,166.25875657253,36.16009381141,14.9819,II/389/ps1_dr2
151431663350503887,166.33495637149,36.19440561136,13.4795,II/389/ps1_dr2
151451663393176230,166.33921871735,36.21301730355,13.364,II/389/ps1_dr2
151451663401219728,166.34005067601,36.21590597175,14.6989,II/389/ps1_dr2
151491661684647335,166.16843180195,36.24720962552,14.3425,II/389/ps1_dr2
151501661583835219,166.15836818888,36.25378408732,14.1487,II/389/ps1_dr2
151521663219789976,166.32196115688,36.27443094465,13.5461,II/389/ps1_dr2
151541662614884249,166.26143562331,36.28631950481,14.913,II/389/ps1_dr2
151641663293535155,166.32903014,36.37051257,13.3791,II/389/ps1_dr2
151641663297724924,166.32950349,36.37023458,11.472,II/389/ps1_dr2
151641663295464536,166.32969764,36.36982323,13.6034,II/389/ps1_dr2
151631662564604047,166.25644581986,36.36112782141,14.2616,II/389/ps1_dr2
151641663081505035,166.30803829686,36.37041595387,13.678,II/389/ps1_dr2
151681662976049276,166.2975595816,36.40721327982,13.7204,II/389/ps1_dr2
151511664412948901,166.44126203029,36.26519663914,13.9517,II/389/ps1_dr2
151581664779805899,166.47799720549,36.32101606413,14.6819,II/389/ps1_dr2
151621664732763007,166.47334301,36.35195131,11.595,II/389/ps1_dr2
151701663858369101,166.38578570295,36.42375224801,13.449,II/389/ps1_dr2
151701664082169429,166.4081883693,36.42401455012,14.7382,II/389/ps1_dr2
151781665211347927,166.52095719,36.48953838,11.656,II/389/ps1_dr2
151781665207198471,166.5208122,36.49028919,14.5319,II/389/ps1_dr2
151541661063562517,166.10630554183,36.28490291044,13.2574,II/389/ps1_dr2
151791661938276469,166.1938210195,36.49652010814,14.1677,II/389/ps1_dr2
151741663010210471,166.30102509133,36.44996949912,11.571,II/389/ps1_dr2
151741663014540685,166.30128987,36.45017292,10.7865,II/389/ps1_dr2
151791662670530293,166.26697134437,36.49141114251,14.5315,II/389/ps1_dr2
151801662191996299,166.21918374473,36.50472514888,14.8617,II/389/ps1_dr2
151891662855819942,166.28554805188,36.58279072073,13.5612,II/389/ps1_dr2
151441657142650480,165.71421996108,36.19987761005,14.091,II/389/ps1_dr2
151461656420927899,165.64209400862,36.22270005249,13.449,II/389/ps1_dr2
151521656239750144,165.62396191288,36.26626430459,14.4806,II/389/ps1_dr2
151521656401136850,165.64011820312,36.27182770294,13.8954,II/389/ps1_dr2
151511656744182474,165.67433878782,36.25980786523,12.501,II/389/ps1_dr2
151511654723417107,165.47236693396,36.26372930397,14.1987,II/389/ps1_dr2
151511655946414900,165.59470504,36.26210243,12.9196,II/389/ps1_dr2
151511655951305181,165.59498394,36.26227016,11.192,II/389/ps1_dr2
151511655953784876,165.59540334,36.26194489,12.0989,II/389/ps1_dr2
151601656598935009,165.65990574,36.33696982,9.4622,II/389/ps1_dr2
151561655560543338,165.55592585324,36.30229193102,12.3307,II/389/ps1_dr2
151651658752576308,165.87522198047,36.37982209682,12.906,II/389/ps1_dr2
151731657839315817,165.78395998671,36.44599661673,14.8303,II/389/ps1_dr2
151721656912598500,165.69127808395,36.43986344495,14.7891,II/389/ps1_dr2
151511653891324535,165.38914573184,36.2616119653,13.7705,II/389/ps1_dr2
151581653354786997,165.33554828,36.32216413,13.9896,II/389/ps1_dr2
151581653355297841,165.33519523,36.32261957,10.957,II/389/ps1_dr2
151581653356418270,165.33564924,36.32292904,10.7527,II/389/ps1_dr2
151741654905284015,165.49054416,36.45275281,12.668,II/389/ps1_dr2
151741654908373844,165.49053633682,36.4527505397,12.6132,II/389/ps1_dr2
151721652611648639,165.26115041832,36.43994526559,14.958,II/389/ps1_dr2
151781653196429323,165.31960694524,36.49053231983,14.8206,II/389/ps1_dr2
151781654029777021,165.40292196685,36.48858214708,14.5585,II/389/ps1_dr2
151811653770900652,165.37705383769,36.50833829276,14.4329,II/389/ps1_dr2
151821653794069826,165.37935957308,36.52427340279,13.9151,II/389/ps1_dr2
151851653704854347,165.37044137264,36.54473246348,14.6952,II/389/ps1_dr2
151881654429511504,165.44293306432,36.56729429791,14.1683,II/389/ps1_dr2
151871654057906046,165.40574042447,36.5628349201,13.9107,II/389/ps1_dr2
151891657159115232,165.71590091446,36.57879162351,14.3647,II/389/ps1_dr2
151931656393618098,165.63930246284,36.61448735648,13.317,II/389/ps1_dr2
152001656677138566,165.66766425013,36.67321070027,12.762,II/389/ps1_dr2
151961655032410293,165.50314006606,36.63300531373,14.4923,II/389/ps1_dr2
152071656242549628,165.62421880061,36.73243444534,13.067,II/389/ps1_dr2
152061655351590793,165.53508648213,36.71672693937,13.46,II/389/ps1_dr2
151801658675167007,165.86750111528,36.50536423105,14.6536,II/389/ps1_dr2
151831659265506009,165.92646114303,36.52946530078,13.7164,II/389/ps1_dr2
151851660350882068,166.0350389877,36.54287396952,14.4853,II/389/ps1_dr2
151871659908091241,165.99082221857,36.55884440656,13.6064,II/389/ps1_dr2
151901660253327209,166.02528866095,36.58883815078,13.934,II/389/ps1_dr2
151881659848662653,165.98479243074,36.56836359597,12.599,II/389/ps1_dr2
151881659849552053,165.98515291,36.56786158,13.719,II/389/ps1_dr2
151871658774889970,165.87749362439,36.56616445532,13.251,II/389/ps1_dr2
151931658381032442,165.83810202538,36.60984290862,14.6716,II/389/ps1_dr2
151991658172030471,165.81717218295,36.65817981956,14.9369,II/389/ps1_dr2
151991659413551451,165.94133598844,36.65899932834,14.0953,II/389/ps1_dr2
152051661064772316,166.10642855,36.70973964,11.524,II/389/ps1_dr2
152051661070892199,166.10680987247,36.70975324766,12.6745,II/389/ps1_dr2
152181661124233545,166.11243807788,36.81912238977,14.7188,II/389/ps1_dr2
152211661155476945,166.11557811404,36.84698150536,14.6796,II/389/ps1_dr2
152281661332226404,166.13320993939,36.90484731797,13.4434,II/389/ps1_dr2
152321660969489782,166.09693193992,36.94097220055,13.4426,II/389/ps1_dr2
151981657907383648,165.79077210606,36.65250057223,14.3206,II/389/ps1_dr2
152121658257342671,165.82572487443,36.76834238195,14.4711,II/389/ps1_dr2
152151658605209198,165.8606477525,36.79884512665,12.7567,II/389/ps1_dr2
152241659140550857,165.91403221936,36.86684668995,14.5518,II/389/ps1_dr2
152301658853736260,165.88533904883,36.9213454198,13.4674,II/389/ps1_dr2
152301659487901767,165.9487263328,36.9176000149,13.762,II/389/ps1_dr2
152421660188731909,166.01887930977,37.01771824313,14.6071,II/389/ps1_dr2
152461660273851537,166.02728126,37.05066609,10.133,II/389/ps1_dr2
152361659121450124,165.91213871201,36.96622466003,13.486,II/389/ps1_dr2
152451658930012552,165.89298881613,37.0432136401,12.854,II/389/ps1_dr2
151761666006223481,166.60062653,36.46920105,11.559,II/389/ps1_dr2
151761666009363816,166.60077627,36.46934856,12.3821,II/389/ps1_dr2
151891667733163881,166.77331026487,36.57771648064,14.3354,II/389/ps1_dr2
152021667206908890,166.72057748596,36.69020106322,12.899,II/389/ps1_dr2
151911666071476047,166.60714589991,36.59617308702,13.5708,II/389/ps1_dr2
151941665726975770,166.57267087649,36.62092075744,14.2854,II/389/ps1_dr2
151921665459999558,166.54600682646,36.60743047441,11.979,II/389/ps1_dr2
151901664874468104,166.4874691,36.58969441,11.9398,II/389/ps1_dr2
151961665518086858,166.55180484612,36.63851438166,14.1354,II/389/ps1_dr2
152011666251181434,166.62501255389,36.67569128907,13.052,II/389/ps1_dr2
152021666369087130,166.63683655,36.68870122,13.7546,II/389/ps1_dr2
152021666372368089,166.637133,36.689365,9.213,II/389/ps1_dr2
152021666368517970,166.63715123,36.68936341,9.8208,II/389/ps1_dr2
152051667184726100,166.71841954481,36.71289846437,14.1693,II/389/ps1_dr2
152071666838260795,166.68374578791,36.72515346523,13.232,II/389/ps1_dr2
152071666451104828,166.64508853,36.72843961,11.8542,II/389/ps1_dr2
152001668475672661,166.84753954924,36.66835207823,12.213,II/389/ps1_dr2
152001668479112613,166.84810549,36.66830108,12.993,II/389/ps1_dr2
152051668421241508,166.84204157333,36.70907625643,13.42,II/389/ps1_dr2
152081669139724651,166.91391168,36.73669052,13.7448,II/389/ps1_dr2
152081669145244935,166.91443986252,36.7369183842,11.05,II/389/ps1_dr2
152081669150824865,166.91505836,36.73679429,13.9188,II/389/ps1_dr2
152081669141335317,166.91416926,36.7371815,14.0794,II/389/ps1_dr2
152081669147415304,166.91469306,36.73709398,12.0455,II/389/ps1_dr2
152141669021393629,166.90207176,36.78572815,8.8714,II/389/ps1_dr2
152141669029352578,166.90288272,36.78486686,8.031,II/389/ps1_dr2
152141669036762538,166.90352054,36.7849652,8.6837,II/389/ps1_dr2
152171669616428570,166.96161638555,36.81497199555,13.9558,II/389/ps1_dr2
152111668609702707,166.86088834557,36.76008002246,14.2872,II/389/ps1_dr2
152241668968572182,166.89675583288,36.86794303322,14.1577,II/389/ps1_dr2
152081667571673164,166.7571403,36.73542452,14.1874,II/389/ps1_dr2
152081667566874821,166.75692338,36.73687546,9.8803,II/389/ps1_dr2
152171666955392697,166.6954885407,36.81003134066,14.4795,II/389/ps1_dr2
152171667993839787,166.79928220907,36.81592035823,14.6771,II/389/ps1_dr2
152201668071139629,166.80705126637,36.84085275942,13.288,II/389/ps1_dr2
152191664756851995,166.47563137177,36.82616267034,12.428,II/389/ps1_dr2
152241664395631969,166.43955976481,36.86775439537,14.7441,II/389/ps1_dr2
152301664547145746,166.45450062,36.92089404,12.128,II/389/ps1_dr2
152211666024051627,166.60238511749,36.84249036885,14.8642,II/389/ps1_dr2
152231665837021034,166.58367284022,36.85864880086,13.369,II/389/ps1_dr2
152371667379102444,166.73787141264,36.9765173927,13.6669,II/389/ps1_dr2
152521666740469069,166.67402964387,37.10704474006,14.7823,II/389/ps1_dr2
152491665843559277,166.58430505417,37.082207752,13.8393,II/389/ps1_dr2
152551666044276923,166.60443928544,37.13025573792,14.4318,II/389/ps1_dr2
152181670014778501,167.00131374662,36.8232244818,12.47,II/389/ps1_dr2
152291670125150346,167.01244131247,36.90805221144,13.5612,II/389/ps1_dr2
152371671329836609,167.13289421688,36.98000280343,14.3122,II/389/ps1_dr2
152361670282370708,167.02817044,36.96674809,12.5969,II/389/ps1_dr2
152361670287680916,167.02861519962,36.96688224816,11.869,II/389/ps1_dr2
152371670095796821,167.009432723,36.9801988668,12.793,II/389/ps1_dr2
152371670200157922,167.01990035828,36.98109429138,13.4226,II/389/ps1_dr2
152421669408632325,166.94086289235,37.01810405012,13.128,II/389/ps1_dr2
152421669409382664,166.94110273,37.01836337,14.3696,II/389/ps1_dr2
152421670259892959,167.02593451985,37.01861638554,13.8984,II/389/ps1_dr2
152461669534088828,166.95346935,37.05682392,12.864,II/389/ps1_dr2
152461669536458501,166.95364747083,37.0566228136,12.0683,II/389/ps1_dr2
152551672840312171,167.28399237327,37.12632243368,14.739,II/389/ps1_dr2
152591671967625570,167.19669535969,37.16247683127,14.5038,II/389/ps1_dr2
152591670588482883,167.05878351,37.1603012,13.9232,II/389/ps1_dr2
152591670585523248,167.05846597013,37.16048367301,12.81,II/389/ps1_dr2
152381668184632295,166.81841601462,36.98469418661,14.2044,II/389/ps1_dr2
152601666643379647,166.66448951,37.17421549,10.2181,II/389/ps1_dr2
152601666648089058,166.66485531,37.17380999,10.6281,II/389/ps1_dr2
152701667229261740,166.72288428772,37.25087432358,12.692,II/389/ps1_dr2
152761668225675075,166.82227949,37.30368869,11.8265,II/389/ps1_dr2
152641669950854745,166.99499785,37.20344106808,14.6094,II/389/ps1_dr2
152661670310267613,167.03096460083,37.22247765482,12.748,II/389/ps1_dr2
152861670279956567,167.0279010492,37.38826884577,14.6105,II/389/ps1_dr2
152811669657802478,166.96567964,37.3432811,11.461,II/389/ps1_dr2
152851669257437792,166.92558146,37.38092268,12.5774,II/389/ps1_dr2
152851669261128515,166.92590858,37.38156618,11.4366,II/389/ps1_dr2
152851669259638162,166.9258614,37.38134601,11.229,II/389/ps1_dr2
152911670262643888,167.02620093313,37.42769438201,13.6637,II/389/ps1_dr2
152191662709053702,166.27090576034,36.82759704299,14.0036,II/389/ps1_dr2
152301662821699319,166.28219672884,36.92388175353,14.1777,II/389/ps1_dr2
152381664499121668,166.45001732,36.98411373,14.3492,II/389/ps1_dr2
152381664501091166,166.45001927462,36.98371135506,12.946,II/389/ps1_dr2
152371662673706665,166.26738838917,36.97999461679,14.3467,II/389/ps1_dr2
152371661561998865,166.15618378911,36.98186192816,14.7469,II/389/ps1_dr2
152371661356952474,166.13568311373,36.97653466661,13.542,II/389/ps1_dr2
152521663411903621,166.34115519487,37.10246816052,13.3025,II/389/ps1_dr2
152521662616273339,166.26162748631,37.10224214114,14.7063,II/389/ps1_dr2
152511662478271781,166.24786745843,37.09260134515,14.189,II/389/ps1_dr2
152441664621397633,166.46214524473,37.03910473102,14.5844,II/389/ps1_dr2
152461664235241528,166.42352290905,37.05071360147,14.3232,II/389/ps1_dr2
152541664435437205,166.44350391121,37.12212452034,14.5552,II/389/ps1_dr2
152591664662457465,166.46618782448,37.16402302767,13.42,II/389/ps1_dr2
152591664867027771,166.48666318384,37.16427940264,13.4994,II/389/ps1_dr2
152541663780833989,166.37807096386,37.1194399378,13.5479,II/389/ps1_dr2
152441660885759242,166.0883049188,37.04044903001,12.251,II/389/ps1_dr2
152441661000056858,166.09999301422,37.03850552774,14.8485,II/389/ps1_dr2
152601660120453266,166.01207736339,37.16886441489,14.097,II/389/ps1_dr2
152651659832901337,165.98327859222,37.20891100665,14.0074,II/389/ps1_dr2
152701663589683026,166.35893233119,37.25199807309,13.7459,II/389/ps1_dr2
152801662902294074,166.29010807616,37.33620483214,13.7012,II/389/ps1_dr2
152791664303755944,166.43039438059,37.32939890789,13.218,II/389/ps1_dr2
152891663670477281,166.36696221586,37.4138862184,13.8864,II/389/ps1_dr2
152921661908460997,166.19081973145,37.43366665643,13.8277,II/389/ps1_dr2
152931662108091427,166.21073243192,37.44238113431,13.0739,II/389/ps1_dr2
152691666908318074,166.69076430561,37.24779264272,13.8911,II/389/ps1_dr2
152711666460991876,166.64605888983,37.25933260146,13.817,II/389/ps1_dr2
152821666378372106,166.63781802071,37.35122176775,14.9373,II/389/ps1_dr2
152751665844749496,166.5844294555,37.29903710106,14.4776,II/389/ps1_dr2
152841665979370266,166.59794002033,37.36631080605,13.4602,II/389/ps1_dr2
152931666971336042,166.69716888839,37.44612270783,12.868,II/389/ps1_dr2
152991666509983869,166.65101281207,37.49430506457,13.7665,II/389/ps1_dr2
152921667441965308,166.74421684256,37.43717321492,13.0879,II/389/ps1_dr2
152961668168991388,166.81663226,37.4671997,13.9759,II/389/ps1_dr2
152961668174701841,166.81737689,37.46751974,13.57,II/389/ps1_dr2
152961668170831757,166.81704787094,37.46743001201,12.0309,II/389/ps1_dr2
153071668994887074,166.89943290747,37.56369579635,13.5362,II/389/ps1_dr2
153121669297903937,166.92971310487,37.60273045893,14.1111,II/389/ps1_dr2
152971667368055964,166.73678159,37.47946775,11.532,II/389/ps1_dr2
152971667363365813,166.73642109129,37.47931321806,11.461,II/389/ps1_dr2
153061667971777727,166.7972164331,37.55586706942,12.394,II/389/ps1_dr2
153051666633396811,166.66335852012,37.54676120446,14.4212,II/389/ps1_dr2
153131667122731123,166.71230790794,37.60865328257,14.7168,II/389/ps1_dr2
152931664691606039,166.4691044,37.44595343,10.6402,II/389/ps1_dr2
152931664693996323,166.46929039,37.4463337,10.645,II/389/ps1_dr2
153021665141745818,166.51418538,37.52101369,11.163,II/389/ps1_dr2
153021665146535966,166.51453964,37.52134319,13.8585,II/389/ps1_dr2
153031665163689234,166.51632754223,37.53217886875,12.814,II/389/ps1_dr2
153111665407769876,166.54072765909,37.59938872243,14.4496,II/389/ps1_dr2
153001663639032897,166.36379907925,37.50189809751,14.5568,II/389/ps1_dr2
153011663215376057,166.32171209243,37.51289112011,12.272,II/389/ps1_dr2
153071663844649595,166.38434647,37.56574674,11.607,II/389/ps1_dr2
153121664133505614,166.41325382692,37.60417107263,13.3887,II/389/ps1_dr2
153161666626247427,166.66267003614,37.63892322907,14.8931,II/389/ps1_dr2
153231667484885744,166.74849984017,37.69584044124,14.1356,II/389/ps1_dr2
153321667219214561,166.72169672,37.769741,12.1698,II/389/ps1_dr2
153331667676899406,166.76767682014,37.78222616036,14.9031,II/389/ps1_dr2
153361666680069967,166.66799920687,37.80769804868,14.737,II/389/ps1_dr2
153361666711509045,166.67117090092,37.8069168526,13.9729,II/389/ps1_dr2
153411665700030158,166.56995769736,37.84121360315,14.3129,II/389/ps1_dr2
151821652896806512,165.28964873411,36.52150184811,14.2618,II/389/ps1_dr2
151801651794611754,165.17940594939,36.50085597901,14.0103,II/389/ps1_dr2
151841652469376078,165.24711527,36.53807875,8.2117,II/389/ps1_dr2
151841652469486940,165.24685505,36.53867331,12.9154,II/389/ps1_dr2
151891651427096054,165.14275987287,36.57942507982,12.109,II/389/ps1_dr2
151891651849578193,165.18494258491,36.58124513091,14.4675,II/389/ps1_dr2
152021651343987210,165.13437912564,36.68884115663,12.154,II/389/ps1_dr2
151981652591391805,165.259019,36.650963,10.123,II/389/ps1_dr2
152011654409113726,165.44091663,36.67754878,13.028,II/389/ps1_dr2
152021654520225703,165.45216418,36.68765808,11.6724,II/389/ps1_dr2
152021654524245891,165.45250089,36.68785448,12.5028,II/389/ps1_dr2
152181655034854914,165.50369720334,36.82039216412,11.6488,II/389/ps1_dr2
152181655038795311,165.50389869,36.82056555,11.777,II/389/ps1_dr2
152181655042265222,165.50421646,36.82049643,12.8272,II/389/ps1_dr2
152211653393787701,165.33922824155,36.84752805634,12.024,II/389/ps1_dr2
152191652946006880,165.29462761,36.83004279,12.012,II/389/ps1_dr2
152191652952666797,165.29503484,36.83019849,13.5234,II/389/ps1_dr2
152231651522070657,165.15215490557,36.8583213804,14.8026,II/389/ps1_dr2
152051649700919241,164.97022244261,36.71560728592,12.508,II/389/ps1_dr2
152101649976242905,164.99761627266,36.75187227547,14.3728,II/389/ps1_dr2
152181649184261578,164.91852652519,36.81734618283,12.42,II/389/ps1_dr2
152351650383370625,165.03834640044,36.95830048449,14.0799,II/389/ps1_dr2
152381653675860360,165.36748823289,36.98299379754,14.5536,II/389/ps1_dr2
152371653398818352,165.33994179,36.98125118,11.7065,II/389/ps1_dr2
152371653250927248,165.32504171071,36.98045484765,14.627,II/389/ps1_dr2
152501651897709142,165.18979719248,37.09034350935,13.5064,II/389/ps1_dr2
152521652430448824,165.24301277826,37.10679625224,13.73,II/389/ps1_dr2
152221656171012531,165.61707842666,36.85155838214,14.7453,II/389/ps1_dr2
152251656261040391,165.62612165178,36.87473679095,13.7319,II/389/ps1_dr2
152441656490939592,165.64904297288,37.04078418563,14.2819,II/389/ps1_dr2
152331655278899753,165.52778718224,36.94927265152,13.8218,II/389/ps1_dr2
152451655881283729,165.58815092,37.04464339,14.6171,II/389/ps1_dr2
152451655882923104,165.5881344,37.04381111,11.6357,II/389/ps1_dr2
152451655894413757,165.58940466,37.04426185,13.1665,II/389/ps1_dr2
152481655888944882,165.58885960198,37.07019612912,14.5238,II/389/ps1_dr2
152531655853546049,165.58531784578,37.11283129538,13.9499,II/389/ps1_dr2
152391657601590115,165.76014662,36.99150935,11.776,II/389/ps1_dr2
152491657296361612,165.72957595518,37.07578531448,14.1486,II/389/ps1_dr2
152591657545484223,165.75475508524,37.16137709602,12.791,II/389/ps1_dr2
152531658191623572,165.81907976664,37.11073426109,12.524,II/389/ps1_dr2
152631657843632284,165.78444759,37.19305058,12.173,II/389/ps1_dr2
152631657847022108,165.78461878,37.19273726,13.1361,II/389/ps1_dr2
152591656661811940,165.66554969,37.15934598,11.8468,II/389/ps1_dr2
152591656661391550,165.66637123,37.15895964,11.116,II/389/ps1_dr2
152621656262238357,165.62618614617,37.18976756152,14.8378,II/389/ps1_dr2
152631656121842420,165.61209896288,37.19307483756,13.8241,II/389/ps1_dr2
152631657839281967,165.78392121,37.19282318,13.4411,II/389/ps1_dr2
152711657088744692,165.70881384825,37.26171053346,14.7407,II/389/ps1_dr2
152761657446922591,165.74466748971,37.30164759854,14.9878,II/389/ps1_dr2
152531653898367928,165.38975453503,37.11419540225,14.4111,II/389/ps1_dr2
152581655683417208,165.56822024,37.15551874,12.7871,II/389/ps1_dr2
152581655688747439,165.56848414,37.15558106,11.732,II/389/ps1_dr2
152581655689376901,165.56863344,37.15528608,13.7938,II/389/ps1_dr2
152621653086958514,165.30867379448,37.18987251625,13.6223,II/389/ps1_dr2
152641653168647855,165.31686499433,37.20593496065,12.831,II/389/ps1_dr2
152701654144031835,165.41444418011,37.25095223475,13.5425,II/389/ps1_dr2
152721653749279112,165.37487363972,37.27370798884,14.6384,II/389/ps1_dr2
152791654063239275,165.40631799797,37.33214636563,13.152,II/389/ps1_dr2
152711656441381679,165.64407036072,37.25914154397,14.4111,II/389/ps1_dr2
152781657035341201,165.70350442101,37.31714025497,13.8773,II/389/ps1_dr2
152771656806207754,165.68055755329,37.31425998788,14.0592,II/389/ps1_dr2
152771655174189164,165.51735551489,37.3154090334,13.7361,II/389/ps1_dr2
152771654857373478,165.48570747106,37.3106725778,13.432,II/389/ps1_dr2
152301648323483387,164.83229031111,36.91894716087,13.47,II/389/ps1_dr2
152331649651476080,164.96512579024,36.94615721486,14.5624,II/389/ps1_dr2
152441649576969179,164.95770191818,37.04044199759,13.7037,II/389/ps1_dr2
152451649679144871,164.96791451869,37.04519258207,14.9696,II/389/ps1_dr2
152311647666093897,164.76657554235,36.92768281985,13.9354,II/389/ps1_dr2
152411648066843857,164.80667533752,37.01094273436,13.187,II/389/ps1_dr2
152581648800011619,164.87999925969,37.15080756585,14.908,II/389/ps1_dr2
152461650925129181,165.09245478545,37.05714554633,14.0192,II/389/ps1_dr2
152481651277397551,165.12763899752,37.07229314436,12.5678,II/389/ps1_dr2
152521650861926207,165.08619306358,37.10460770129,14.3597,II/389/ps1_dr2
152521650761627985,165.07615651312,37.10610344729,13.5561,II/389/ps1_dr2
152641651958910727,165.19588215224,37.20002275408,14.9552,II/389/ps1_dr2
152571651220135997,165.12200982908,37.14611521152,14.4275,II/389/ps1_dr2
152601650091696696,165.00916560367,37.17165899629,14.379,II/389/ps1_dr2
152651650153384075,165.01533144108,37.21118619551,14.1795,II/389/ps1_dr2
152671649525765562,164.95256307773,37.22905503684,13.326,II/389/ps1_dr2
152761650695898271,165.06955802936,37.30629719248,13.402,II/389/ps1_dr2
152441646555788051,164.65553676058,37.03944546444,13.5531,II/389/ps1_dr2
152601646644475290,164.66435506609,37.17055055003,13.187,II/389/ps1_dr2
152601645743738245,164.57434113511,37.17296970867,14.587,II/389/ps1_dr2
152741646841471471,164.68413110769,37.28399972965,14.7574,II/389/ps1_dr2
152731647111471790,164.7111315,37.27587552,10.899,II/389/ps1_dr2
152701648925183472,164.89252243835,37.25228678492,12.871,II/389/ps1_dr2
152801650244704122,165.02464763717,37.33606875319,13.189,II/389/ps1_dr2
152801650249394246,165.02464457349,37.33606592421,13.3732,II/389/ps1_dr2
152971649424342110,164.94246162777,37.47613910865,14.4188,II/389/ps1_dr2
152731652489046369,165.24885140601,37.27977349941,14.2728,II/389/ps1_dr2
152881653603974354,165.36034647811,37.40306301839,14.46,II/389/ps1_dr2
152881653050192032,165.30502757861,37.40109488124,13.7027,II/389/ps1_dr2
152881651882306330,165.18822103571,37.40466763489,13.9793,II/389/ps1_dr2
152901652684236987,165.26844787572,37.42187844621,13.202,II/389/ps1_dr2
152931651747511509,165.17465231251,37.44237639775,14.0356,II/389/ps1_dr2
152991652317440884,165.23183025,37.4917589,11.72,II/389/ps1_dr2
152971652608977908,165.2608883337,37.48104561604,13.4462,II/389/ps1_dr2
153031652232240419,165.22321156856,37.52479461675,14.0631,II/389/ps1_dr2
152831654071019054,165.40709133601,37.36535737273,14.9243,II/389/ps1_dr2
152931653361098935,165.33608849915,37.44856176719,14.9871,II/389/ps1_dr2
152931653332733273,165.33323762831,37.44392431498,14.4266,II/389/ps1_dr2
153001655308215450,165.53078282663,37.50403052658,14.9151,II/389/ps1_dr2
153131655209492664,165.52058809454,37.61012879648,12.6096,II/389/ps1_dr2
153101654868274442,165.48681044484,37.58653445756,14.4528,II/389/ps1_dr2
153131654803573708,165.48037042097,37.61095271768,13.8615,II/389/ps1_dr2
153091653762444479,165.37625704285,37.57822837098,14.3782,II/389/ps1_dr2
153031652669767238,165.26698503219,37.53048542908,13.298,II/389/ps1_dr2
153141654361215098,165.43611188883,37.62044155556,14.5564,II/389/ps1_dr2
152991649335344280,164.93376562892,37.4947702703,13.7741,II/389/ps1_dr2
153031650408582726,165.04088025,37.52680355,13.5093,II/389/ps1_dr2
153031650413492857,165.04114056,37.52686939,10.791,II/389/ps1_dr2
153031650415373332,165.04139522,37.52750015,11.7952,II/389/ps1_dr2
153041649889606531,164.98895800928,37.53817741341,14.7751,II/389/ps1_dr2
153091650127753842,165.01275080534,37.5775929158,14.7853,II/389/ps1_dr2
153031649212054944,164.92113987757,37.52851267478,13.6566,II/389/ps1_dr2
153171650302151855,165.03007631596,37.6426185583,14.2895,II/389/ps1_dr2
153201650486133070,165.04849901533,37.66865869775,14.4833,II/389/ps1_dr2
153231650725308038,165.07241783584,37.69779118792,13.4749,II/389/ps1_dr2
153251652313635746,165.23135995725,37.71259574529,14.7977,II/389/ps1_dr2
153261650783076122,165.07840227,37.72126364,14.1298,II/389/ps1_dr2
153261650785736711,165.0785613,37.72149059,12.0724,II/389/ps1_dr2
153261650782066581,165.0782238372,37.72152037217,11.906,II/389/ps1_dr2
153291650945686700,165.09450241204,37.74669127196,14.8334,II/389/ps1_dr2
153431652064518426,165.20648341019,37.86483188383,14.3043,II/389/ps1_dr2
152821659666309658,165.96668422,37.3576221,13.6289,II/389/ps1_dr2
152831659664020033,165.96641729187,37.35789953303,12.0353,II/389/ps1_dr2
152921660325999706,166.03259240363,37.44090223896,14.7714,II/389/ps1_dr2
152731658459095550,165.84588785646,37.27909372349,14.8147,II/389/ps1_dr2
152901658767433592,165.87673163037,37.41911031183,14.7814,II/389/ps1_dr2
152851659475136538,165.94752574944,37.37991313518,14.8414,II/389/ps1_dr2
152941660075959786,166.00764533967,37.45762835073,13.6116,II/389/ps1_dr2
152971662024020390,166.20235038923,37.47483508721,13.927,II/389/ps1_dr2
152981662234519630,166.22339530525,37.49086503496,13.894,II/389/ps1_dr2
153001661847873707,166.184745784,37.50260075957,12.435,II/389/ps1_dr2
153061661494503157,166.14940863701,37.55213385613,14.9535,II/389/ps1_dr2
153111662139896530,166.21393525674,37.59660094212,14.8667,II/389/ps1_dr2
152991659862152391,165.98615830432,37.49312418333,13.184,II/389/ps1_dr2
153011660712357682,166.07107914496,37.51419616058,12.3466,II/389/ps1_dr2
153011660714467375,166.07151196,37.51412368,13.8949,II/389/ps1_dr2
153101660183610728,166.01835805609,37.58341853921,14.1236,II/389/ps1_dr2
153101661163687324,166.11633574043,37.58890249342,11.43,II/389/ps1_dr2
152991658028766098,165.80285838706,37.49620470508,14.3915,II/389/ps1_dr2
152991658590139620,165.85902557004,37.49913263542,13.9395,II/389/ps1_dr2
153041658324273157,165.83242056177,37.535413492,14.4069,II/389/ps1_dr2
153291660881448301,166.08807689575,37.74803110952,12.494,II/389/ps1_dr2
153371659144419403,165.91443859696,37.81562668169,14.5406,II/389/ps1_dr2
153391658733046772,165.87328093362,37.83007931036,14.7754,II/389/ps1_dr2
153111662488498553,166.24878746927,37.59827305498,14.8634,II/389/ps1_dr2
153261664083587309,166.40832766473,37.72221209247,13.487,II/389/ps1_dr2
153331663588570750,166.35879724167,37.77509413902,12.571,II/389/ps1_dr2
153291662822509940,166.28220418909,37.74940046444,12.63,II/389/ps1_dr2
153291662819199769,166.28220081,37.74940182,12.4475,II/389/ps1_dr2
153391662567607685,166.2567291429,37.83085088623,14.1464,II/389/ps1_dr2
153411662795461468,166.27956130154,37.84225939986,14.1581,II/389/ps1_dr2
153481662807370026,166.2807027992,37.89947682287,14.564,II/389/ps1_dr2
153361664596162787,166.4598085748,37.8018408706,13.104,II/389/ps1_dr2
153361664597893124,166.45979726275,37.80183754574,13.1504,II/389/ps1_dr2
153501665949825276,166.59501779185,37.92043239889,12.241,II/389/ps1_dr2
153551665123363226,166.51232700848,37.96039311665,12.293,II/389/ps1_dr2
153481663252219521,166.32520465148,37.90739667594,13.3428,II/389/ps1_dr2
153601663810690920,166.38105609534,38.00023901184,13.567,II/389/ps1_dr2
153601665145374887,166.51478386,38.00337519,14.2336,II/389/ps1_dr2
153601665147845354,166.5150111,38.00399948,14.0377,II/389/ps1_dr2
153601665144235206,166.51458073,38.00366886,13.9878,II/389/ps1_dr2
153661664152271015,166.41518540293,38.05032318124,14.0037,II/389/ps1_dr2
153361660827726378,166.08265929689,37.80477951542,12.248,II/389/ps1_dr2
153361660759057676,166.07583961456,37.80584718017,13.8478,II/389/ps1_dr2
153341660750496770,166.07501044906,37.78842985926,13.095,II/389/ps1_dr2
153411661292409643,166.12919122199,37.84914445267,13.182,II/389/ps1_dr2
153461660808662926,166.08083832289,37.88520718165,13.6818,II/389/ps1_dr2
153511661296487901,166.12959136564,37.93100932038,13.255,II/389/ps1_dr2
153561661981994597,166.19816592684,37.96992725801,13.8027,II/389/ps1_dr2
153601660482286236,166.04809443921,38.00462557624,11.977,II/389/ps1_dr2
153681662864312312,166.28638115254,38.06802602184,14.5993,II/389/ps1_dr2
153211656028531754,165.60279203752,37.67596112041,14.7175,II/389/ps1_dr2
153241656148550356,165.61480712724,37.6997861776,14.0047,II/389/ps1_dr2
153331656517277954,165.65166734461,37.78109669106,13.9404,II/389/ps1_dr2
153291655119254316,165.51188970597,37.74477982873,14.2817,II/389/ps1_dr2
153321655077266773,165.50769251603,37.77183581428,14.066,II/389/ps1_dr2
153451655954377932,165.59539947395,37.88107061032,14.9119,II/389/ps1_dr2
153351657869427002,165.78693483698,37.79694078446,13.8578,II/389/ps1_dr2
153341658026485304,165.80271615,37.78733773,11.147,II/389/ps1_dr2
153341658027304975,165.80271122,37.78689357,13.369,II/389/ps1_dr2
153391657101926122,165.71015116168,37.82953615687,13.8964,II/389/ps1_dr2
153401658566417630,165.85666055934,37.83911944089,12.979,II/389/ps1_dr2
153401656734497990,165.67338923345,37.83944280978,13.7,II/389/ps1_dr2
153461656781182052,165.67809230172,37.88447556753,13.326,II/389/ps1_dr2
153531656658363364,165.66582327095,37.94392779072,13.8557,II/389/ps1_dr2
153591657792225567,165.77942693795,37.99560847291,12.3928,II/389/ps1_dr2
153611658146030596,165.81459694052,38.008305065,14.8261,II/389/ps1_dr2
153721657558882248,165.75581771019,38.10132403002,13.161,II/389/ps1_dr2
153441655372657825,165.53721692505,37.87265976445,14.2822,II/389/ps1_dr2
153511655710119191,165.57101003257,37.9321257887,13.9654,II/389/ps1_dr2
153591655053502929,165.5053180964,37.99355805379,13.9853,II/389/ps1_dr2
153421653208700421,165.32091600214,37.84986133784,14.9178,II/389/ps1_dr2
153601654351401902,165.43511836016,38.00104943254,14.7222,II/389/ps1_dr2
153611654217490927,165.42176192,38.00877398,8.9487,II/389/ps1_dr2
153621655588096979,165.55879566,38.02183525,11.1548,II/389/ps1_dr2
153621655592226968,165.55907654,38.02190164,10.628,II/389/ps1_dr2
153691656270047896,165.62697917868,38.08102849557,14.6388,II/389/ps1_dr2
153741656187498578,165.61871372415,38.12325975578,14.4422,II/389/ps1_dr2
153811656076091544,165.60752375181,38.17570764845,12.654,II/389/ps1_dr2
153851655103640570,165.51027425339,38.20822897223,13.7121,II/389/ps1_dr2
153571659383532232,165.93835918781,37.97633386573,13.8356,II/389/ps1_dr2
153591659060643939,165.90604875681,37.99442760885,13.6726,II/389/ps1_dr2
153601658887275427,165.88873643178,38.00401019788,13.5655,II/389/ps1_dr2
153621658592366821,165.85908926483,38.02183456812,12.609,II/389/ps1_dr2
153701660609885332,166.06094112109,38.08726114826,13.8553,II/389/ps1_dr2
153701659837341861,165.98371009675,38.08436869831,14.433,II/389/ps1_dr2
153751659653659022,165.96537169519,38.13200003612,14.4965,II/389/ps1_dr2
153761658242079494,165.82419845,38.1407586,11.1329,II/389/ps1_dr2
153761658250029150,165.82448602,38.14041021,10.946,II/389/ps1_dr2
153801658543606683,165.85428782486,38.171692387,13.7977,II/389/ps1_dr2
153871658974859398,165.89747453,38.23247985,9.4514,II/389/ps1_dr2
153871658979399642,165.89783306,38.23248674,10.0067,II/389/ps1_dr2
153851661137291254,166.11380947172,38.20883375354,12.958,II/389/ps1_dr2
153881661265039227,166.12665345,38.24053532,14.6034,II/389/ps1_dr2
153881661270679490,166.12719849611,38.24060707381,12.7319,II/389/ps1_dr2
153881661306919159,166.13057484,38.24053629,12.2265,II/389/ps1_dr2
153891661281010773,166.12835744,38.24191354,13.1504,II/389/ps1_dr2
153891661282560243,166.12831148,38.24135252,12.817,II/389/ps1_dr2
153891661297651850,166.12976469,38.24266582,12.4294,II/389/ps1_dr2
153891661308750809,166.13093521,38.24180522,11.727,II/389/ps1_dr2
153881661322337192,166.13221601,38.23871059,7.71,II/389/ps1_dr2
153891661818687140,166.18173213,38.24717515,7.2262,II/389/ps1_dr2
153891661824106606,166.18284303,38.24664403,8.271,II/389/ps1_dr2
153891661833747363,166.18342244,38.24715643,13.1885,II/389/ps1_dr2
153891661834564328,166.18336131,38.24482117,13.9613,II/389/ps1_dr2
153941662129643996,166.21303232958,38.28611884618,14.5599,II/389/ps1_dr2
153961659479608853,165.94794060003,38.30687175433,14.1019,II/389/ps1_dr2
153971659849815888,165.98497526666,38.31269814976,14.4437,II/389/ps1_dr2
154011660312456725,166.03122684435,38.34671553215,13.8448,II/389/ps1_dr2
153791657236370012,165.72361137627,38.15779991796,14.651,II/389/ps1_dr2
153881658342766575,165.83424393113,38.23826315028,14.9779,II/389/ps1_dr2
154041656666149152,165.6664927992,38.37372881615,13.218,II/389/ps1_dr2
154071658429878910,165.84293136028,38.39862640586,13.7207,II/389/ps1_dr2
154071658430007300,165.84299165,38.39712511,12.2468,II/389/ps1_dr2
154071658438287588,165.8439964,38.39752376,10.7508,II/389/ps1_dr2
154071658435727344,165.84344775,38.39703704,10.545,II/389/ps1_dr2
154131659873314201,165.98732271543,38.44460547395,14.5131,II/389/ps1_dr2
154231660625408154,166.06282314,38.5313529,11.1197,II/389/ps1_dr2
154201660163687911,166.01637240084,38.5060201217,13.9247,II/389/ps1_dr2
154231660622578491,166.06217022,38.53157646,13.87,II/389/ps1_dr2
154221658064869499,165.80646454,38.52402896,12.4126,II/389/ps1_dr2
154221658058919748,165.8057706,38.52423576,11.406,II/389/ps1_dr2
154221659553819315,165.95533789101,38.52381981361,13.232,II/389/ps1_dr2
154251659218924518,165.92186787903,38.54486299111,14.338,II/389/ps1_dr2
154301659194532324,165.9194327267,38.58467066666,13.3481,II/389/ps1_dr2
154331659013010886,165.9012685873,38.60852398624,14.4125,II/389/ps1_dr2
151781691828014914,169.1828128606,36.48691800327,14.4919,II/389/ps1_dr2
151801692146205369,169.21462097343,36.50396083422,13.019,II/389/ps1_dr2
151751690561646744,169.05613948666,36.46343934471,14.9965,II/389/ps1_dr2
151731689454752122,168.94544051148,36.44293080578,14.9957,II/389/ps1_dr2
151711688805757058,168.8805401482,36.43037423832,14.7585,II/389/ps1_dr2
151761687950854334,168.79508144289,36.46977950975,13.3394,II/389/ps1_dr2
151801689133891436,168.91336675278,36.50069695154,14.8738,II/389/ps1_dr2
151811688966241578,168.89660765899,36.50915237993,12.777,II/389/ps1_dr2
151821688555494485,168.85538060984,36.51985227516,12.562,II/389/ps1_dr2
151861688943593915,168.89432782558,36.55277950378,14.6142,II/389/ps1_dr2
151891692359278114,169.23593673357,36.58125901655,14.8897,II/389/ps1_dr2
152031691816230126,169.18158615796,36.6912617426,13.5752,II/389/ps1_dr2
152041691240083000,169.12399051607,36.70198538856,14.1207,II/389/ps1_dr2
151591684279341394,168.42796024158,36.32562256383,14.8719,II/389/ps1_dr2
151591683716185646,168.37168231,36.32907294,12.076,II/389/ps1_dr2
151611685286864713,168.52871634727,36.34502700503,14.948,II/389/ps1_dr2
151681685565505663,168.556577181,36.40418110053,13.069,II/389/ps1_dr2
151671687146806727,168.71469530496,36.39676587872,14.7319,II/389/ps1_dr2
151671684631658846,168.46317675784,36.39844603729,13.8287,II/389/ps1_dr2
151671685389150887,168.53897834935,36.39191816138,14.0975,II/389/ps1_dr2
151671685389721217,168.53899817,36.39209146,12.522,II/389/ps1_dr2
151721685800891285,168.58013972342,36.43386097614,13.359,II/389/ps1_dr2
151651681874715358,168.18745935501,36.37897031432,14.5696,II/389/ps1_dr2
151751683021963787,168.3021225486,36.46096352446,14.7435,II/389/ps1_dr2
151711680906783986,168.09082014455,36.42777098037,13.7761,II/389/ps1_dr2
151711680910653953,168.09082682715,36.42777306297,13.7382,II/389/ps1_dr2
151801681739453660,168.17380924961,36.50255444697,12.8868,II/389/ps1_dr2
151811681970660550,168.19699184503,36.50828010893,14.7688,II/389/ps1_dr2
151821681791061426,168.17902353307,36.51733549071,14.8808,II/389/ps1_dr2
151751683853420087,168.38528860435,36.45785425066,14.439,II/389/ps1_dr2
151891685011682917,168.501093,36.576977,12.38,II/389/ps1_dr2
151891685007982955,168.50066765,36.57693081,12.914,II/389/ps1_dr2
151891684592822456,168.45925705917,36.57651411549,14.5843,II/389/ps1_dr2
151921683219070676,168.32187310829,36.60002361039,14.7993,II/389/ps1_dr2
152101683711751273,168.3711100223,36.75051852129,14.0076,II/389/ps1_dr2
152121683962711308,168.39616609422,36.7671783773,12.668,II/389/ps1_dr2
151901688639232273,168.86408618068,36.58486289991,13.286,II/389/ps1_dr2
151911688055860769,168.80559027468,36.59180199427,14.1106,II/389/ps1_dr2
151861686530637971,168.65311532839,36.55610482091,14.7909,II/389/ps1_dr2
151951686367969850,168.6368558199,36.63265468805,13.8264,II/389/ps1_dr2
152001686844469394,168.68449232053,36.67395989389,14.4087,II/389/ps1_dr2
151991686263560588,168.62640155859,36.65828291204,14.2251,II/389/ps1_dr2
152011687757143813,168.77573681244,36.67767890238,13.7281,II/389/ps1_dr2
152061688748575042,168.87482751493,36.72037514074,13.4376,II/389/ps1_dr2
152161690332272063,169.03320579398,36.80123791567,13.338,II/389/ps1_dr2
152251689749998067,168.97497123623,36.88120180606,13.5579,II/389/ps1_dr2
152041685678961073,168.56790870896,36.70034317318,14.1638,II/389/ps1_dr2
152111685312854421,168.53124483323,36.76142622158,12.869,II/389/ps1_dr2
152131684635748309,168.46354530828,36.78137134293,14.0034,II/389/ps1_dr2
152281685182632759,168.51823024001,36.90175661788,14.7455,II/389/ps1_dr2
152291686865523892,168.68661554162,36.91101011594,12.248,II/389/ps1_dr2
152291686868183641,168.68686476,36.91093789,13.1881,II/389/ps1_dr2
152361688947184754,168.89476502763,36.97010658331,14.9522,II/389/ps1_dr2
152431688813251395,168.88137114125,37.02563716438,14.6446,II/389/ps1_dr2
152371687942369310,168.79427240611,36.98222009921,14.9508,II/389/ps1_dr2
152381685986484916,168.59864365305,36.98688568408,13.8541,II/389/ps1_dr2
152441687092559453,168.70936620601,37.0406834615,13.89,II/389/ps1_dr2
152541687592787998,168.75928163715,37.12279444025,13.7515,II/389/ps1_dr2
152161691393507916,169.13936723142,36.806104768,12.21,II/389/ps1_dr2
152351691560356735,169.15604039961,36.96344002868,13.5158,II/389/ps1_dr2
152271690087917870,169.00872941,36.89777384,11.8659,II/389/ps1_dr2
152271690092648027,169.00916502,36.89780912,11.196,II/389/ps1_dr2
152311690176215389,169.01742638,36.9289766,9.505,II/389/ps1_dr2
152311690172625172,169.01722682,36.92887849,10.1258,II/389/ps1_dr2
152301689997004915,168.99965237363,36.92020817161,13.4114,II/389/ps1_dr2
152341689781927169,168.97818107819,36.95544986035,14.3748,II/389/ps1_dr2
152351689584630605,168.95843553225,36.95831149365,14.7629,II/389/ps1_dr2
152521690595481216,169.05950265483,37.10049607305,14.6411,II/389/ps1_dr2
152541689960768425,168.99608581214,37.12319341417,13.309,II/389/ps1_dr2
152581689881283216,168.9880719345,37.15217869422,13.7189,II/389/ps1_dr2
152551688787193055,168.87865382291,37.12701175178,14.3983,II/389/ps1_dr2
152621688077490831,168.80774641879,37.18357864875,11.692,II/389/ps1_dr2
152591687859759972,168.7859579429,37.16610124292,14.5727,II/389/ps1_dr2
152621688074060703,168.8072166,37.18333885,13.133,II/389/ps1_dr2
152661688585887778,168.85853869044,37.22259652493,13.9554,II/389/ps1_dr2
152731690467192426,169.04664850951,37.27649086093,12.996,II/389/ps1_dr2
152811689434643192,168.94341944448,37.34376840661,14.6113,II/389/ps1_dr2
152891689927604960,168.99274664265,37.41193730455,12.637,II/389/ps1_dr2
151711680466401623,168.04671346329,36.42589763873,12.404,II/389/ps1_dr2
151711680470551836,168.04691582,36.42596715,13.5287,II/389/ps1_dr2
151711680467492022,168.0466387,36.42617225,12.266,II/389/ps1_dr2
151791680437398483,168.04367911332,36.49822301069,13.7913,II/389/ps1_dr2
151771680047884363,168.00473591778,36.47812471101,14.4734,II/389/ps1_dr2
151911681296167053,168.12954149507,36.59702413551,14.8136,II/389/ps1_dr2
151921681515080889,168.15142556217,36.60020294795,14.9631,II/389/ps1_dr2
151991679537865310,167.9537658616,36.66223751476,12.706,II/389/ps1_dr2
152041680834800290,168.08343564136,36.69972772606,14.4388,II/389/ps1_dr2
152041679945249095,167.99450652641,36.707063931,14.4118,II/389/ps1_dr2
152071682324899296,168.23241323502,36.73221423857,13.895,II/389/ps1_dr2
152101682019762088,168.2019913822,36.75121900102,13.4673,II/389/ps1_dr2
152041683115565989,168.31152104022,36.70445682024,14.2558,II/389/ps1_dr2
152061681530149217,168.15298171123,36.72383742661,13.7202,II/389/ps1_dr2
152261682585319717,168.25846216319,36.89089899974,13.9319,II/389/ps1_dr2
152251681747162042,168.174592,36.87611957,13.0531,II/389/ps1_dr2
152251681750751831,168.17490262,36.87557825,12.0444,II/389/ps1_dr2
152251681741171056,168.17386408,36.87550053,11.5607,II/389/ps1_dr2
152251681746501376,168.17461847,36.87558764,10.559,II/389/ps1_dr2
152271681550582099,168.15500712372,36.89288124662,14.0154,II/389/ps1_dr2
152281682299955940,168.22988539446,36.90435290932,13.8777,II/389/ps1_dr2
152351682174410353,168.21737043775,36.95809220659,13.5289,II/389/ps1_dr2
152101678833722878,167.88336489168,36.75187666971,13.4447,II/389/ps1_dr2
152131679105291692,167.91050430183,36.77587902205,12.831,II/389/ps1_dr2
152191679730603671,167.97299730663,36.8275320065,14.1852,II/389/ps1_dr2
152291678976048217,167.89755736668,36.91462077024,13.354,II/389/ps1_dr2
152261680477676936,168.0477020093,36.88856033256,13.137,II/389/ps1_dr2
152271680617722089,168.061712,36.89278,8.215,II/389/ps1_dr2
152271680613870928,168.06159474,36.89182123,13.5791,II/389/ps1_dr2
152381681901504390,168.19011310933,36.98645080787,13.229,II/389/ps1_dr2
152411681320029863,168.13218596,37.01603805,12.1373,II/389/ps1_dr2
152421681323230151,168.13221783,37.01620116,11.373,II/389/ps1_dr2
152301679701467032,167.97011467435,36.92195809408,13.008,II/389/ps1_dr2
152411679915959282,167.99159562307,37.01552518914,13.5922,II/389/ps1_dr2
152231684458433836,168.44579465474,36.86098657031,13.8608,II/389/ps1_dr2
152271683216825765,168.3216332231,36.8959439285,14.4268,II/389/ps1_dr2
152321684796352684,168.47959291459,36.93503061467,14.0051,II/389/ps1_dr2
152411682843331537,168.28432222351,37.00906832711,14.5484,II/389/ps1_dr2
152461683572599187,168.35724684238,37.05709095205,14.1277,II/389/ps1_dr2
152541683850874272,168.38532612,37.11966524,10.1047,II/389/ps1_dr2
152481685126930081,168.51264604153,37.06616949765,13.128,II/389/ps1_dr2
152551685968642848,168.59683527,37.12680369,13.8454,II/389/ps1_dr2
152551685972722975,168.59725095694,37.12692664952,12.211,II/389/ps1_dr2
152751685676557887,168.56760431997,37.29771661106,14.3001,II/389/ps1_dr2
152771685645953019,168.56450451323,37.31034487313,13.237,II/389/ps1_dr2
152491682950318952,168.29504029086,37.08189489498,14.3044,II/389/ps1_dr2
152481681857686310,168.18576233747,37.07138558824,12.215,II/389/ps1_dr2
152481681861406044,168.18614806,37.07112687,13.5173,II/389/ps1_dr2
152581683586810353,168.3586953127,37.14969150048,13.3575,II/389/ps1_dr2
152701682876531156,168.28764885253,37.25037773388,14.9194,II/389/ps1_dr2
152751682816342264,168.28158818763,37.29302902017,13.9532,II/389/ps1_dr2
152761682370014413,168.23697286427,37.30311508698,14.2159,II/389/ps1_dr2
152721683696654052,168.36964139439,37.26949001398,13.5851,II/389/ps1_dr2
152761683916231475,168.39157760304,37.30068910495,13.5508,II/389/ps1_dr2
152751683740441578,168.37395062287,37.29243001442,12.618,II/389/ps1_dr2
152871685267343888,168.52668525314,37.39444003895,11.487,II/389/ps1_dr2
152821684063667256,168.40633084241,37.35552734809,14.7927,II/389/ps1_dr2
152901684061280629,168.4060974699,37.41665726366,14.9961,II/389/ps1_dr2
152981684388103167,168.43875145545,37.48545370747,14.7213,II/389/ps1_dr2
152921683347444684,168.33477393358,37.43670267487,14.3443,II/389/ps1_dr2
152221676819915421,167.68191328677,36.85397295629,14.4615,II/389/ps1_dr2
152251676611603699,167.66104134788,36.87751710004,14.7929,II/389/ps1_dr2
152271676903925339,167.69031469743,36.89556274088,14.5943,II/389/ps1_dr2
152361676916099506,167.69154445,36.97404386,11.234,II/389/ps1_dr2
152411677951257088,167.7950918889,37.01370725863,14.8362,II/389/ps1_dr2
152331676521390936,167.65204334979,36.94186952317,13.7954,II/389/ps1_dr2
152411676202241595,167.62018291359,37.00912801086,14.801,II/389/ps1_dr2
152411676733080515,167.67331385,37.00828304,12.9459,II/389/ps1_dr2
152541679624058646,167.96245208,37.12348902,10.9664,II/389/ps1_dr2
152691679756271304,167.97558176385,37.2422324728,14.7627,II/389/ps1_dr2
152471675571868245,167.55704402446,37.06469771033,14.807,II/389/ps1_dr2
152481675567487657,167.55670126951,37.07254369433,13.7008,II/389/ps1_dr2
152581676228451928,167.62280248195,37.15109365852,14.4738,II/389/ps1_dr2
152621676266712189,167.62665235922,37.1846408857,14.4376,II/389/ps1_dr2
152601675510637986,167.55101229,37.17277872,12.053,II/389/ps1_dr2
152601675514887581,167.55154647,37.17253917,14.6607,II/389/ps1_dr2
152551673820666814,167.38200204306,37.13017903993,13.3447,II/389/ps1_dr2
152601673491671199,167.34910150123,37.16717394532,14.455,II/389/ps1_dr2
152721676742987444,167.67446846,37.2724119,12.372,II/389/ps1_dr2
152721676744287802,167.67436702348,37.27263760618,12.156,II/389/ps1_dr2
152821677742059076,167.77417633192,37.35700788802,13.383,II/389/ps1_dr2
152821677284022560,167.72826463,37.35127561,12.8073,II/389/ps1_dr2
152821677282222260,167.72833201,37.35143364,11.798,II/389/ps1_dr2
152801682057587402,168.20574781157,37.33894061062,14.518,II/389/ps1_dr2
152971680298201181,168.02969189561,37.47542372475,12.864,II/389/ps1_dr2
153101682790882775,168.27905781548,37.58508938599,14.9028,II/389/ps1_dr2
153061681686874437,168.16863236503,37.55314037937,12.378,II/389/ps1_dr2
153091681777433999,168.17773708094,37.57776521337,11.84,II/389/ps1_dr2
153091681778514348,168.17796919,37.57801126,11.7256,II/389/ps1_dr2
153151681524215328,168.15241473395,37.6288858404,14.4676,II/389/ps1_dr2
152921678878295144,167.88783006027,37.4370631568,14.2459,II/389/ps1_dr2
152981678660066508,167.86600751863,37.48821018089,14.7602,II/389/ps1_dr2
153031679845560003,167.9845475111,37.52432745379,14.3581,II/389/ps1_dr2
153041679353382290,167.93530410489,37.5346859943,13.8732,II/389/ps1_dr2
152991677947657722,167.79474995509,37.49757711783,13.6133,II/389/ps1_dr2
153201679243056750,167.9242720213,37.67172193027,14.6972,II/389/ps1_dr2
153191678244371271,167.82443068038,37.6588555402,13.5726,II/389/ps1_dr2
153201678632254509,167.86316986027,37.66987376432,13.1992,II/389/ps1_dr2
153231678551579002,167.85511654,37.69878809,9.165,II/389/ps1_dr2
153231678542968909,167.85427132,37.69855564,9.3198,II/389/ps1_dr2
153211681230456866,168.12301704544,37.68016109905,12.42,II/389/ps1_dr2
153271681999735639,168.1999216086,37.72915205376,14.1358,II/389/ps1_dr2
153311679150725438,167.91500050233,37.76229750768,14.9246,II/389/ps1_dr2
153371680961803695,168.09610592116,37.81087496547,14.1877,II/389/ps1_dr2
153421680552709528,168.05520020437,37.85740884421,13.38,II/389/ps1_dr2
152661687268291037,168.72679535912,37.21698294543,14.5972,II/389/ps1_dr2
152761687679739171,168.7679304402,37.30710074402,13.036,II/389/ps1_dr2
152761687682508932,168.76819673,37.30697295,13.8636,II/389/ps1_dr2
152861688856274879,168.88528744,37.38702537,12.9825,II/389/ps1_dr2
152861688860104961,168.88599752381,37.38704602698,11.8637,II/389/ps1_dr2
152831687396005074,168.73969761,37.36208839,10.81,II/389/ps1_dr2
152801686294416232,168.62938922241,37.33800923482,14.9448,II/389/ps1_dr2
152951687315992756,168.7315560204,37.46012234299,13.7477,II/389/ps1_dr2
152961689620510035,168.96201355172,37.46615642568,14.5736,II/389/ps1_dr2
153071688066403927,168.80662596,37.56113155,11.769,II/389/ps1_dr2
152891686198736546,168.61989229,37.41324622,11.9716,II/389/ps1_dr2
152891686200987286,168.61993265,37.41395002,11.3243,II/389/ps1_dr2
152891686203116900,168.62038732,37.41362543,11.5132,II/389/ps1_dr2
152891686204577437,168.62076627,37.41401899,13.9574,II/389/ps1_dr2
152941685810842806,168.58105788878,37.45184808758,12.163,II/389/ps1_dr2
152961686114286429,168.6113656312,37.4715062805,14.2353,II/389/ps1_dr2
153061686096743548,168.60962074486,37.55242986245,14.483,II/389/ps1_dr2
153091686287302126,168.62869022106,37.57624652202,13.204,II/389/ps1_dr2
153081686692872573,168.66924284682,37.56827868085,14.9049,II/389/ps1_dr2
153031685284629067,168.52839055308,37.53204295734,14.4009,II/389/ps1_dr2
153051684324820397,168.43242402116,37.54147208897,14.376,II/389/ps1_dr2
153111684772229241,168.47713765176,37.59882452575,13.8039,II/389/ps1_dr2
153171686534823680,168.65346008972,37.64420798382,14.6179,II/389/ps1_dr2
153091687627365728,168.76262241,37.57928115,12.4864,II/389/ps1_dr2
153101687636350495,168.76362167907,37.582964568,14.866,II/389/ps1_dr2
153091687622084676,168.76244917,37.57837245,7.2054,II/389/ps1_dr2
153101687636210153,168.76361973513,37.58295376766,14.8018,II/389/ps1_dr2
153141687631640478,168.76323750218,37.61667546427,13.5623,II/389/ps1_dr2
153191687475047234,168.74752204597,37.66384200608,13.428,II/389/ps1_dr2
153231687364719809,168.73654212643,37.699321707,14.6638,II/389/ps1_dr2
153311687225481222,168.72263367101,37.75887199691,13.9327,II/389/ps1_dr2
153351686386548204,168.63866342029,37.79799106007,14.5258,II/389/ps1_dr2
153521688244375324,168.82433003,37.9371121,12.262,II/389/ps1_dr2
153521688247515151,168.82446691679,37.93717720142,12.3094,II/389/ps1_dr2
153141683661414789,168.36609466953,37.62010803747,14.0216,II/389/ps1_dr2
153191684838405439,168.48398472,37.662401,11.774,II/389/ps1_dr2
153251683117947062,168.31172607257,37.71366128336,13.517,II/389/ps1_dr2
153241683652427509,168.36520241425,37.70569879007,14.7504,II/389/ps1_dr2
153321684121480756,168.41207846662,37.76675907034,13.7055,II/389/ps1_dr2
153341684203184910,168.42024224761,37.786880563,13.401,II/389/ps1_dr2
153331683814284396,168.38135325195,37.77812197769,14.9682,II/389/ps1_dr2
153421683750812742,168.37497335407,37.85174644428,14.0181,II/389/ps1_dr2
153391686501417095,168.65008915859,37.83038734508,14.816,II/389/ps1_dr2
153431684881186028,168.48803123368,37.86283325935,11.845,II/389/ps1_dr2
153431684882395632,168.48795789,37.86261351,11.8936,II/389/ps1_dr2
153531685961436653,168.59607347576,37.9466676416,14.6759,II/389/ps1_dr2
153591686340928920,168.63403293896,37.99855420886,14.6373,II/389/ps1_dr2
153671685553587741,168.55532652268,38.06422886637,14.0084,II/389/ps1_dr2
153381682590205005,168.25914662297,37.82028745422,12.618,II/389/ps1_dr2
153401681999099325,168.19984241615,37.84055904727,14.2375,II/389/ps1_dr2
153411682331634113,168.23319607696,37.84462067541,12.859,II/389/ps1_dr2
153441682019383537,168.20187123488,37.8690613998,13.5093,II/389/ps1_dr2
153501682241264550,168.22408193869,37.91991687744,14.6733,II/389/ps1_dr2
153511683457673591,168.34558437521,37.92750168751,14.6258,II/389/ps1_dr2
153571683062771851,168.30620791883,37.9759925489,13.42,II/389/ps1_dr2
153391681365295511,168.13645143072,37.8290552512,13.4985,II/389/ps1_dr2
153551681375133184,168.137487261,37.96044040171,14.2236,II/389/ps1_dr2
153631683421705679,168.3420686027,38.02922864676,13.475,II/389/ps1_dr2
153631684986836679,168.49861370533,38.0300337315,14.1759,II/389/ps1_dr2
153811683135304410,168.31335122,38.17829054,14.589,II/389/ps1_dr2
153811683156742945,168.31549436,38.17700249,11.199,II/389/ps1_dr2
153811683157662677,168.31542548,38.17662012,11.3388,II/389/ps1_dr2
153811683138085601,168.31366937,38.1792163,14.1939,II/389/ps1_dr2
153811683135085057,168.31353058527,38.1788102808,10.991,II/389/ps1_dr2
153791683868341410,168.38677040603,38.1590005267,14.1512,II/389/ps1_dr2
153621688059592448,168.80597130257,38.01818562323,14.2628,II/389/ps1_dr2
153611686853279560,168.68527156402,38.01576902431,13.2122,II/389/ps1_dr2
153681686788027871,168.67873353571,38.07265911806,14.7234,II/389/ps1_dr2
153681686366473730,168.63677712,38.06925661,14.6768,II/389/ps1_dr2
153681686368483412,168.63684809,38.06896668,11.571,II/389/ps1_dr2
153681686372093191,168.63688913,38.06871997,12.4019,II/389/ps1_dr2
153871687172836500,168.71718852983,38.22984063412,14.2668,II/389/ps1_dr2
153881685253838625,168.52537039581,38.23996446878,12.607,II/389/ps1_dr2
153921686654731830,168.66539000378,38.26762175489,14.2899,II/389/ps1_dr2
154021686382226213,168.63817363026,38.35461007324,13.959,II/389/ps1_dr2
153981685459002086,168.5458583174,38.31783997564,14.9957,II/389/ps1_dr2
153931684392688988,168.43920950065,38.28192414273,12.239,II/389/ps1_dr2
153951684577967226,168.45774673861,38.29713522166,14.5275,II/389/ps1_dr2
154031684929837254,168.49294294632,38.36380722128,13.5664,II/389/ps1_dr2
152701673022548126,167.3022229219,37.25628207747,13.5001,II/389/ps1_dr2
152751673304053957,167.33031481,37.29444437,12.0344,II/389/ps1_dr2
152771674775205805,167.47746328496,37.31267879808,13.8209,II/389/ps1_dr2
152781673872702526,167.38723215388,37.31826495019,14.9316,II/389/ps1_dr2
152781672432640282,167.24321983,37.31637032,11.482,II/389/ps1_dr2
152811673155976733,167.31548390279,37.34674928845,12.883,II/389/ps1_dr2
152941675290846146,167.52909576,37.45453851,11.727,II/389/ps1_dr2
152951675474223350,167.54734526183,37.46061906721,14.5437,II/389/ps1_dr2
152951675518410294,167.55179036669,37.45806008895,14.7488,II/389/ps1_dr2
152941675291015747,167.52905082,37.45428719,11.9484,II/389/ps1_dr2
153021675184098235,167.51834948111,37.52302643682,13.6386,II/389/ps1_dr2
153021673768384132,167.37677623465,37.51962556887,14.9599,II/389/ps1_dr2
153161675597901705,167.55974069659,37.63424391752,14.7227,II/389/ps1_dr2
153201674690807593,167.46902239884,37.67246774376,14.525,II/389/ps1_dr2
152871671717534323,167.17167419195,37.39476009125,13.01,II/389/ps1_dr2
152881671785732182,167.17850972732,37.40131254073,14.5691,II/389/ps1_dr2
152901671873301315,167.18726135811,37.41723814122,13.5418,II/389/ps1_dr2
152901671527664427,167.15271176517,37.41984429356,12.899,II/389/ps1_dr2
153031672947657046,167.29468592903,37.53037133627,13.404,II/389/ps1_dr2
153031672781766798,167.27817175529,37.53014942218,14.9929,II/389/ps1_dr2
153021671972411274,167.19713386538,37.51725964212,13.175,II/389/ps1_dr2
153081672716523813,167.27157226002,37.56931857949,13.446,II/389/ps1_dr2
153171673011618322,167.30105002192,37.64820325833,12.038,II/389/ps1_dr2
153221673460022295,167.3459191317,37.68468717928,13.5399,II/389/ps1_dr2
153301674315156484,167.43146243143,37.75482995701,13.9256,II/389/ps1_dr2
153351673730455347,167.37295645593,37.79557242167,13.7752,II/389/ps1_dr2
153231677280042519,167.72797741404,37.69324194102,14.9476,II/389/ps1_dr2
153321677900220449,167.78999838347,37.76648460984,12.803,II/389/ps1_dr2
153371677776138247,167.77744366,37.81464274,12.156,II/389/ps1_dr2
153181676043505802,167.60431327154,37.65431944336,14.7591,II/389/ps1_dr2
153391677086492598,167.70853683985,37.82661565275,12.673,II/389/ps1_dr2
153341678646616844,167.86459265649,37.78842025734,14.3377,II/389/ps1_dr2
153541677374383639,167.7374025813,37.95248637584,13.7695,II/389/ps1_dr2
153671678311471787,167.83097174,38.05934293,12.8536,II/389/ps1_dr2
153661678431049020,167.84303165955,38.05698625377,14.9181,II/389/ps1_dr2
153671678316811961,167.83160114,38.05941778,10.7741,II/389/ps1_dr2
153431675664595268,167.56643332633,37.86220914638,14.2154,II/389/ps1_dr2
153351674824406276,167.48238513157,37.79635827563,14.3714,II/389/ps1_dr2
153421675145759639,167.51452538062,37.85751202059,13.22,II/389/ps1_dr2
153401674370655067,167.43700594115,37.83702125204,13.8266,II/389/ps1_dr2
153541674661073068,167.46610649748,37.95203545605,14.5587,II/389/ps1_dr2
153521673840561267,167.38406807981,37.93392306612,13.72,II/389/ps1_dr2
153521673841784386,167.38428925,37.93657573,10.7484,II/389/ps1_dr2
153521673843894711,167.38435569,37.93662828,10.295,II/389/ps1_dr2
153511676905446970,167.69047851,37.93024188,9.27,II/389/ps1_dr2
153511676905546259,167.69056992,37.92967821,13.1377,II/389/ps1_dr2
153511676907537802,167.69072682,37.93085396,13.3876,II/389/ps1_dr2
153511676909187422,167.69076522,37.93068528,10.2134,II/389/ps1_dr2
153681677124651067,167.71241359406,38.06702310381,13.439,II/389/ps1_dr2
153821677728988647,167.77287288688,38.18998224153,13.335,II/389/ps1_dr2
153671676516038037,167.65158396923,38.06451310384,13.8983,II/389/ps1_dr2
153811676117396831,167.61170567271,38.18020039336,14.7766,II/389/ps1_dr2
153781676695880134,167.66955581638,38.14958434304,13.9686,II/389/ps1_dr2
153071670026688318,167.00252988363,37.56478340123,14.7131,II/389/ps1_dr2
153141670587088696,167.05860482808,37.62340343515,14.8686,II/389/ps1_dr2
153261669937069675,166.99363871957,37.72418610667,13.4739,II/389/ps1_dr2
153261669815861472,166.98150928908,37.71737497502,14.4792,II/389/ps1_dr2
153291670639585038,167.06387730633,37.74533431772,13.4525,II/389/ps1_dr2
153281670020949949,167.00202724294,37.74108829998,13.489,II/389/ps1_dr2
153301670201040392,167.02001737999,37.74982099969,14.8609,II/389/ps1_dr2
153301668632431386,166.86318647848,37.75057117674,14.2429,II/389/ps1_dr2
153311669204918338,166.92043529731,37.76474951383,14.9444,II/389/ps1_dr2
153371670224515329,167.0222047,37.81228887,11.88,II/389/ps1_dr2
153341671510883917,167.15097633828,37.78606162289,13.225,II/389/ps1_dr2
153391671687302969,167.16864670734,37.82692425079,14.0638,II/389/ps1_dr2
153521672846540442,167.28456092,37.93333415,11.284,II/389/ps1_dr2
153521672851070179,167.28499773,37.9328665,13.8962,II/389/ps1_dr2
153521672843930152,167.28464039,37.933044,14.0766,II/389/ps1_dr2
153581670954077373,167.09528087,37.98871649,8.6882,II/389/ps1_dr2
153581670954506981,167.09593918,37.98838594,8.9366,II/389/ps1_dr2
153611672149058858,167.21489409096,38.01515375589,14.2576,II/389/ps1_dr2
153661671232034358,167.1231664508,38.053126281,14.7066,II/389/ps1_dr2
153641671584409660,167.15843367357,38.04086876336,13.6731,II/389/ps1_dr2
153331668346070044,166.83459322006,37.77442578589,13.217,II/389/ps1_dr2
153361667687718395,166.76876948261,37.80636521229,14.4555,II/389/ps1_dr2
153451668185704459,166.81857959692,37.8780768328,12.135,II/389/ps1_dr2
153451668189964579,166.81899819,37.87830357,13.5188,II/389/ps1_dr2
153451668190294157,166.81897882,37.87788134,14.2367,II/389/ps1_dr2
153441669369782832,166.93692461306,37.86846499406,14.3023,II/389/ps1_dr2
153451667372308951,166.73721008256,37.88184440403,14.7087,II/389/ps1_dr2
153581669462081859,166.94614936165,37.98435788491,13.7703,II/389/ps1_dr2
153581669582152594,166.9581456334,37.98495030448,14.6637,II/389/ps1_dr2
153691670875853228,167.08755056507,38.07716848803,14.162,II/389/ps1_dr2
153751670131427130,167.01310046868,38.13039481062,14.9257,II/389/ps1_dr2
153741670824310966,167.08242315842,38.11691261963,12.708,II/389/ps1_dr2
153711669090779090,166.90904997496,38.09864915989,14.5088,II/389/ps1_dr2
153691669489679194,166.94889585287,38.08211143065,14.88,II/389/ps1_dr2
153711669346460270,166.93463528998,38.09130670133,13.112,II/389/ps1_dr2
153761669507795037,166.95074954493,38.13694644626,13.8931,II/389/ps1_dr2
153871669413558468,166.94133531094,38.23146991844,13.8314,II/389/ps1_dr2
153891669661584238,166.96613741173,38.24462145035,14.3112,II/389/ps1_dr2
153671673443445895,167.34432825604,38.06273289155,14.65,II/389/ps1_dr2
153671674559701915,167.45594213113,38.05936114832,14.1272,II/389/ps1_dr2
153741674430150283,167.44297940253,38.11640011474,13.932,II/389/ps1_dr2
153701673965887736,167.39679662,38.08923477,12.3332,II/389/ps1_dr2
153701673974196351,167.3973863,38.08817925,12.8717,II/389/ps1_dr2
153701673976996692,167.39742445,38.08855579,11.229,II/389/ps1_dr2
153701673980036302,167.39770601,38.08802371,10.675,II/389/ps1_dr2
153701673980586775,167.39781783,38.08826133,12.2096,II/389/ps1_dr2
153701673982627088,167.39812513,38.0885078,12.3092,II/389/ps1_dr2
153721673504517990,167.35046368263,38.10606414928,14.4904,II/389/ps1_dr2
153851674069291075,167.40694138158,38.20865259157,14.6136,II/389/ps1_dr2
153911675129141374,167.51291175775,38.25898097747,14.4563,II/389/ps1_dr2
153891675790073730,167.57881170617,38.24435543734,14.7728,II/389/ps1_dr2
154011676156823542,167.61563845078,38.34411956217,13.253,II/389/ps1_dr2
154141674944932267,167.49467792219,38.45143349941,12.6879,II/389/ps1_dr2
154141674949112454,167.49488433,38.45153915,12.696,II/389/ps1_dr2
153771671839084714,167.1839027111,38.14500597611,14.151,II/389/ps1_dr2
153871671825777453,167.18256193511,38.23068539272,14.5433,II/389/ps1_dr2
153861672627435751,167.26280044436,38.22090190698,14.1392,II/389/ps1_dr2
153921672245402902,167.2246071124,38.26852541958,13.1832,II/389/ps1_dr2
153951671956857253,167.19601464,38.29763825,10.0507,II/389/ps1_dr2
153951671958016904,167.19557408,38.29685466,10.1815,II/389/ps1_dr2
153951671962487728,167.19613433,38.29755094,9.982,II/389/ps1_dr2
154071671857852432,167.18581859409,38.39311967886,13.5521,II/389/ps1_dr2
154071671895485909,167.18956325819,38.39603739546,14.5109,II/389/ps1_dr2
154071673399166207,167.33994108722,38.39629667648,14.6544,II/389/ps1_dr2
154191672761541950,167.27612224713,38.49271583418,13.439,II/389/ps1_dr2
154281673463697875,167.34632610792,38.57269372058,14.8514,II/389/ps1_dr2
153591680309726552,168.03093638121,37.99658007045,14.8784,II/389/ps1_dr2
153731680555578498,168.05553487,38.1149401,11.041,II/389/ps1_dr2
153731680559358321,168.05606016,38.11477538,11.1923,II/389/ps1_dr2
153761679429511015,167.94288572676,38.13361202137,13.1799,II/389/ps1_dr2
153761679427280717,167.94269696,38.13336651,14.8494,II/389/ps1_dr2
153821680041279820,168.00405671632,38.19095162357,14.3697,II/389/ps1_dr2
153871681699781189,168.16988711166,38.22539573021,12.22,II/389/ps1_dr2
153881683141776760,168.31411869153,38.23843383896,13.7638,II/389/ps1_dr2
153971683299774785,168.3299329858,38.31174122596,14.3268,II/389/ps1_dr2
154021681524902209,168.15243821209,38.35128957719,14.899,II/389/ps1_dr2
153991682345255835,168.23446740464,38.32929251805,14.6288,II/389/ps1_dr2
153871679274493637,167.92715158,38.22753146,12.4607,II/389/ps1_dr2
153871679267583707,167.92705922981,38.22758520944,12.685,II/389/ps1_dr2
153881678904902017,167.89049214553,38.23421594872,14.8294,II/389/ps1_dr2
153951678273617348,167.82730772571,38.29722957801,14.974,II/389/ps1_dr2
153911678372209069,167.83716843195,38.26528271807,13.7595,II/389/ps1_dr2
153991678460911009,167.84580938,38.32526827,12.0894,II/389/ps1_dr2
153991678455461222,167.84552056,38.32547771,11.9669,II/389/ps1_dr2
153991678458641373,167.84582183,38.32553148,11.85,II/389/ps1_dr2
154021677777852350,167.77769975567,38.35135648755,14.9623,II/389/ps1_dr2
154051678496582739,167.84950699,38.37672191,13.005,II/389/ps1_dr2
154051678489982648,167.84916106365,38.37671832032,12.6074,II/389/ps1_dr2
154101678127628293,167.81277084384,38.42306505224,12.543,II/389/ps1_dr2
154111678179504651,167.81791730786,38.42831198792,14.9207,II/389/ps1_dr2
154031680759645282,168.07592678729,38.36220060877,13.371,II/389/ps1_dr2
154051680738759436,168.07383342668,38.38232989417,14.8083,II/389/ps1_dr2
154201681718930826,168.1716575,38.50019048,10.899,II/389/ps1_dr2
154201681721160545,168.17210822,38.4999688,11.1755,II/389/ps1_dr2
154221681625132535,168.16250441168,38.51822085878,14.0166,II/389/ps1_dr2
154201681714480763,168.17140615,38.50007354,10.9757,II/389/ps1_dr2
154221679951582777,167.99511821315,38.51843118777,14.7058,II/389/ps1_dr2
154231679988187535,167.99880003029,38.53073543066,13.1,II/389/ps1_dr2
154181678787250724,167.87870266746,38.48337772011,13.3411,II/389/ps1_dr2
154291681260158590,168.12599113246,38.58161509668,14.6498,II/389/ps1_dr2
153991684080123893,168.40795909564,38.32767369893,14.9181,II/389/ps1_dr2
154061683424165793,168.34231704466,38.38761570455,14.0113,II/389/ps1_dr2
154131683734070516,168.37357149415,38.44139184154,12.826,II/389/ps1_dr2
154161684885610138,168.48854864079,38.4662019624,12.645,II/389/ps1_dr2
154191685275094172,168.52747479535,38.49454867511,14.628,II/389/ps1_dr2
154271684580847721,168.45802674564,38.56418694443,13.227,II/389/ps1_dr2
154311684342916419,168.43425774966,38.59644069574,14.1495,II/389/ps1_dr2
154311683702706070,168.37026068304,38.59615980976,14.0432,II/389/ps1_dr2
154311683991290287,168.39909183974,38.59132431883,14.1128,II/389/ps1_dr2
154281686286133179,168.62861471361,38.56875061899,13.229,II/389/ps1_dr2
154401684827828790,168.48289565733,38.67360105001,12.085,II/389/ps1_dr2
154411685457710650,168.54558851621,38.67490659495,14.7917,II/389/ps1_dr2
154481685275631761,168.5275219894,38.73425435216,14.9937,II/389/ps1_dr2
154211682225951015,168.22255451369,38.50861914906,14.3136,II/389/ps1_dr2
154231682522109735,168.25230858156,38.53263596108,12.583,II/389/ps1_dr2
154231682526869692,168.25292175,38.53262704,13.2092,II/389/ps1_dr2
154241682525540117,168.25231547209,38.53263813972,12.3019,II/389/ps1_dr2
154241682519030154,168.25191134,38.53284361,13.8001,II/389/ps1_dr2
154431683393096511,168.33927650863,38.69655709208,13.437,II/389/ps1_dr2
154361681688225874,168.16877220282,38.63773234336,13.5487,II/389/ps1_dr2
154361681323183895,168.13227338299,38.63603458547,14.2997,II/389/ps1_dr2
154371681828700031,168.18282570253,38.6411563436,14.1383,II/389/ps1_dr2
154541682478071921,168.24767936,38.78435563,12.097,II/389/ps1_dr2
154531681703850122,168.17031545363,38.77458359237,13.119,II/389/ps1_dr2
154591682285916261,168.22853329252,38.82967891766,14.3119,II/389/ps1_dr2
154471684174204262,168.41739653067,38.72800036015,14.6438,II/389/ps1_dr2
154501683874324207,168.38741661535,38.75294945922,14.0464,II/389/ps1_dr2
154681683922626174,168.39224203915,38.90459927654,13.5645,II/389/ps1_dr2
154721684032773911,168.40320375442,38.93606915456,14.8914,II/389/ps1_dr2
154771683633533367,168.36333722043,38.97727323407,14.2458,II/389/ps1_dr2
154061677158344246,167.71594005403,38.38635000447,13.39,II/389/ps1_dr2
154051676713478208,167.67133803344,38.38131220901,14.6608,II/389/ps1_dr2
154231676476786257,167.64766892808,38.52968147772,13.253,II/389/ps1_dr2
154211676078391803,167.60783786354,38.50930676376,14.1972,II/389/ps1_dr2
154241677259804383,167.72595202265,38.53645756009,12.765,II/389/ps1_dr2
154301677356889895,167.73566600606,38.59104505168,14.8895,II/389/ps1_dr2
154291676341399246,167.63422956,38.58221422,14.4686,II/389/ps1_dr2
154291676343998753,167.63437490893,38.58186237251,12.175,II/389/ps1_dr2
154251678379617462,167.83793531056,38.54733326912,14.5294,II/389/ps1_dr2
154391675768746936,167.57680289003,38.66357915985,13.0069,II/389/ps1_dr2
154371675543805551,167.55432698335,38.64571072274,12.989,II/389/ps1_dr2
154401675818250622,167.58177875,38.66675451,14.3545,II/389/ps1_dr2
154351673982585214,167.39833209924,38.62885199325,13.7808,II/389/ps1_dr2
154411674181345267,167.41806261663,38.67884503724,11.998,II/389/ps1_dr2
154411673808033414,167.38076308367,38.67730073534,14.2672,II/389/ps1_dr2
154481675175546512,167.51750826,38.73819606,11.392,II/389/ps1_dr2
154501676886555995,167.68860761068,38.754449809,14.93,II/389/ps1_dr2
154601675748561859,167.57476905,38.83428839,14.7362,II/389/ps1_dr2
154601675751951172,167.57541596,38.8336499,12.4109,II/389/ps1_dr2
154601675756161412,167.57558,38.834187,11.442,II/389/ps1_dr2
154601675752451538,167.57529979,38.83401427,11.7167,II/389/ps1_dr2
154701677289053414,167.72881960423,38.91892903508,13.2612,II/389/ps1_dr2
154721676805673540,167.6804765811,38.93573266576,12.887,II/389/ps1_dr2
154781676927030862,167.69259962262,38.98350242215,13.088,II/389/ps1_dr2
154571680026847091,168.00260854974,38.8137249923,14.943,II/389/ps1_dr2
154601681394640847,168.13932481713,38.83347432267,12.5284,II/389/ps1_dr2
154641682093546565,168.20928783555,38.87164472103,12.446,II/389/ps1_dr2
154661681050568639,168.1050067819,38.89003955174,14.5799,II/389/ps1_dr2
154641679391022002,167.93902264601,38.86779513274,14.6057,II/389/ps1_dr2
154671679529729024,167.95288373533,38.89865370384,14.1319,II/389/ps1_dr2
154721679377022916,167.93764150298,38.93521760216,12.6781,II/389/ps1_dr2
154721679377642572,167.93762003,38.93499321,12.7231,II/389/ps1_dr2
154731682839926995,168.28393271176,38.94698979207,13.1426,II/389/ps1_dr2
154751682447537862,168.24470882725,38.96437553303,14.3633,II/389/ps1_dr2
154811683058151334,168.30580629927,39.00891969183,13.905,II/389/ps1_dr2
154801682785787420,168.27837893535,39.00565774634,12.17,II/389/ps1_dr2
154801682784517741,168.27837572,39.00575539,12.2044,II/389/ps1_dr2
154801682780647497,168.27806745,39.00578414,12.8443,II/389/ps1_dr2
154881682289925969,168.22893540991,39.07112465858,12.972,II/389/ps1_dr2
154851681349853518,168.13490689266,39.04407441723,12.994,II/389/ps1_dr2
154941682202438878,168.22010447064,39.12352194211,13.8565,II/389/ps1_dr2
154981681660860697,168.16652335,39.15018495,10.607,II/389/ps1_dr2
154981681656880507,168.16549694,39.14977689,12.4466,II/389/ps1_dr2
154861678819101272,167.88187367317,39.05049042435,14.3543,II/389/ps1_dr2
154801679554475738,167.95537616947,39.00422657657,13.3912,II/389/ps1_dr2
154911677481345948,167.74811011527,39.09608162176,11.694,II/389/ps1_dr2
154931678917272286,167.891686653,39.10970509565,13.9276,II/389/ps1_dr2
154941678457555911,167.84573253579,39.12106547355,12.085,II/389/ps1_dr2
155001678172271049,167.8171628214,39.16698940744,14.878,II/389/ps1_dr2
155031679988880146,167.9988271089,39.19126095642,14.6578,II/389/ps1_dr2
155111681990460652,168.19899094522,39.25835916313,14.7362,II/389/ps1_dr2
155101679745308212,167.97443890269,39.25632394404,12.873,II/389/ps1_dr2
155151679126437750,167.91260281194,39.29761905149,13.8088,II/389/ps1_dr2
155141680225643475,168.02251170955,39.28568949907,14.5573,II/389/ps1_dr2
155221680364102061,168.03622306,39.35123188,12.3897,II/389/ps1_dr2
153551666106521622,166.61062220836,37.9590805067,14.628,II/389/ps1_dr2
153581666233302135,166.62331822187,37.98449455062,14.3667,II/389/ps1_dr2
153621666907043766,166.69073842933,38.01916120566,12.246,II/389/ps1_dr2
153621666907983383,166.69079946,38.01915471,13.3067,II/389/ps1_dr2
153611666449165141,166.64492828856,38.01199655885,13.9833,II/389/ps1_dr2
153611665660772791,166.56603694203,38.01008330086,14.5253,II/389/ps1_dr2
153721665149018442,166.51487625198,38.10650939343,12.902,II/389/ps1_dr2
153861667025949396,166.70264515207,38.22391080433,14.0034,II/389/ps1_dr2
153771668066059748,166.80656909831,38.14918314275,14.9442,II/389/ps1_dr2
153991668629460066,166.86299553623,38.32449038525,14.6238,II/389/ps1_dr2
153901667578201363,166.75784456151,38.25056488599,14.6139,II/389/ps1_dr2
153931667197456468,166.71977202151,38.27981867863,14.4302,II/389/ps1_dr2
153911666868274252,166.68685308241,38.26130040141,14.709,II/389/ps1_dr2
154021668354070354,166.83545704093,38.34970042649,13.069,II/389/ps1_dr2
153781664322723102,166.43222698493,38.15204421424,13.361,II/389/ps1_dr2
153891665015480574,166.50157025926,38.24156562674,14.5471,II/389/ps1_dr2
153931663814641739,166.38141459,38.27588009,12.3775,II/389/ps1_dr2
153931663816532059,166.38169672,38.27635908,9.1812,II/389/ps1_dr2
153931663813002141,166.38114706,38.27624496,9.3304,II/389/ps1_dr2
153951663879118822,166.38780593288,38.29849947531,13.291,II/389/ps1_dr2
153991664833359316,166.48332227173,38.33220977003,13.8439,II/389/ps1_dr2
154061664473650262,166.44738192395,38.38300872786,13.9196,II/389/ps1_dr2
154071664518594054,166.45165478,38.394658,7.4176,II/389/ps1_dr2
154071664514604320,166.45125573,38.39465392,8.8275,II/389/ps1_dr2
154071664505884743,166.45038565,38.39515062,12.7468,II/389/ps1_dr2
154141664627471777,166.46274463363,38.45094520635,14.8893,II/389/ps1_dr2
154201667995386892,166.79954513222,38.50524900763,14.0453,II/389/ps1_dr2
154161665021164153,166.50209669877,38.46956290796,13.7892,II/389/ps1_dr2
154351666316402885,166.6316230213,38.62684773644,14.5059,II/389/ps1_dr2
154111670571153786,167.05707124,38.42757311,13.6231,II/389/ps1_dr2
154181669369355762,166.936917,38.487774,11.555,II/389/ps1_dr2
154181669373455737,166.9374655,38.48775782,12.5611,II/389/ps1_dr2
154181669369796452,166.93705472,38.48791908,11.1506,II/389/ps1_dr2
154301670668200158,167.06677702431,38.58289021894,14.7696,II/389/ps1_dr2
154341672585919684,167.25856972846,38.62420673175,13.4068,II/389/ps1_dr2
154461672346204649,167.23461337819,38.72001315314,13.47,II/389/ps1_dr2
154451671207631949,167.12074530446,38.70942725426,14.5502,II/389/ps1_dr2
154461671422841073,167.14229348905,38.71707593244,12.387,II/389/ps1_dr2
154471671372080366,167.13727962,38.72487723,12.8213,II/389/ps1_dr2
154471671377950253,167.13777578,38.72466272,12.2443,II/389/ps1_dr2
154531672476166745,167.24760071341,38.78009044906,13.196,II/389/ps1_dr2
154551671073904259,167.10737134697,38.79466449604,13.4769,II/389/ps1_dr2
154591671684502812,167.16842970095,38.82675177021,14.2126,II/389/ps1_dr2
154321668414430656,166.84150118934,38.59985287246,12.92,II/389/ps1_dr2
154341669296344156,166.92961347969,38.61955305045,14.9169,II/389/ps1_dr2
154401669528349795,166.95279001361,38.67429954013,13.395,II/389/ps1_dr2
154421669201592363,166.9201518076,38.68475528098,12.576,II/389/ps1_dr2
154481669383782419,166.93835881017,38.73481070739,14.141,II/389/ps1_dr2
154411666962131080,166.69609437215,38.6753418023,13.293,II/389/ps1_dr2
154501668205026709,166.82050364082,38.75505212325,14.5045,II/389/ps1_dr2
154501667847634609,166.78480846832,38.75332173311,14.9316,II/389/ps1_dr2
154451669786506387,166.97863232175,38.71311486041,14.2218,II/389/ps1_dr2
154641671442046477,167.14417181828,38.87150358262,14.9615,II/389/ps1_dr2
154651670532515142,167.05317215197,38.87874503079,14.918,II/389/ps1_dr2
154601669016600639,166.90170956485,38.83336928606,12.668,II/389/ps1_dr2
154641669416195399,166.94158139242,38.87064982123,13.7645,II/389/ps1_dr2
154091662388742193,166.23889715,38.40958645,12.0759,II/389/ps1_dr2
154091662392372957,166.23889364,38.41001391,9.212,II/389/ps1_dr2
154131663829395678,166.38287041835,38.44585148675,14.1443,II/389/ps1_dr2
154171663036709338,166.30350950374,38.48223716453,12.9781,II/389/ps1_dr2
154261663949764382,166.39498420119,38.5531167294,14.5658,II/389/ps1_dr2
154231663667225499,166.36672801813,38.52903679191,14.881,II/389/ps1_dr2
154171662609939946,166.26103494613,38.48275176184,13.123,II/389/ps1_dr2
154141661548898129,166.15492566318,38.45621171092,14.8856,II/389/ps1_dr2
154241661650587099,166.16512741,38.53885133,12.5205,II/389/ps1_dr2
154241661665307052,166.16645985,38.53833282,10.585,II/389/ps1_dr2
154241661659596988,166.16576169,38.53871967,12.6773,II/389/ps1_dr2
154261663003270264,166.30035113454,38.54966483136,14.7038,II/389/ps1_dr2
154251662676335444,166.26767650201,38.54559992915,14.1371,II/389/ps1_dr2
154251662680865499,166.26793581,38.54571076,14.2307,II/389/ps1_dr2
154281663600879192,166.36009201295,38.57380967712,14.6733,II/389/ps1_dr2
154291662208013490,166.22082954941,38.57734694586,14.7807,II/389/ps1_dr2
154301665341433764,166.53411485014,38.58593969288,14.8101,II/389/ps1_dr2
154291664256807080,166.42564271113,38.5803506426,14.2734,II/389/ps1_dr2
154331665688018514,166.56881505221,38.61487009275,13.5697,II/389/ps1_dr2
154371665766927946,166.57682326113,38.64761694368,12.876,II/389/ps1_dr2
154441665705999971,166.57056958249,38.70774908514,14.4827,II/389/ps1_dr2
154461665493425006,166.54930317897,38.72012978078,12.9844,II/389/ps1_dr2
154481665242321121,166.52414695598,38.73368213727,14.6335,II/389/ps1_dr2
154391663134545197,166.31344626722,38.66210582929,13.6599,II/389/ps1_dr2
154421663385718299,166.33833938,38.68969119,11.833,II/389/ps1_dr2
154601664842551977,166.48429676767,38.83442187314,12.13,II/389/ps1_dr2
154311661760586838,166.17580053,38.59686903,12.39,II/389/ps1_dr2
154311661755126967,166.17552487,38.596872,13.5377,II/389/ps1_dr2
154261660649128623,166.06487995983,38.55662673289,13.088,II/389/ps1_dr2
154371661588125534,166.15883585573,38.6457045896,14.7475,II/389/ps1_dr2
154471661686309645,166.16841266,38.73243763,12.7944,II/389/ps1_dr2
154471661694609085,166.1695017,38.73198776,11.1134,II/389/ps1_dr2
154471661695419751,166.16965066,38.73264768,11.7799,II/389/ps1_dr2
154471661698309137,166.16982831,38.73206409,14.0764,II/389/ps1_dr2
154471661691819393,166.16935158,38.7322287,11.145,II/389/ps1_dr2
154371659953010538,165.99528339617,38.64154476192,14.0488,II/389/ps1_dr2
154401660240003260,166.02397777456,38.66880826727,14.9895,II/389/ps1_dr2
154441660492226829,166.04915539,38.70504869,14.018,II/389/ps1_dr2
154441660496776758,166.04937253341,38.70503140189,11.656,II/389/ps1_dr2
154441660501317331,166.05004306,38.70556368,14.1376,II/389/ps1_dr2
154401659829209384,165.98290937954,38.67392272269,13.456,II/389/ps1_dr2
154561661705541912,166.17052523289,38.80105648555,13.6695,II/389/ps1_dr2
154521660544434826,166.05437260623,38.77014558337,13.7019,II/389/ps1_dr2
154701664239231304,166.42389624544,38.91707428248,14.2626,II/389/ps1_dr2
154681663746694757,166.37463559339,38.90344518949,11.987,II/389/ps1_dr2
154601662363435669,166.23641476067,38.83751391555,12.975,II/389/ps1_dr2
154741662067181464,166.20667730935,38.95065351862,12.875,II/389/ps1_dr2
154821663274423661,166.32742896384,39.01910562096,13.4679,II/389/ps1_dr2
154471666139890906,166.61395877817,38.7251689386,13.9201,II/389/ps1_dr2
154591666833702075,166.68334127231,38.82616423042,14.8799,II/389/ps1_dr2
154601666368207530,166.63674580866,38.83901123738,14.9263,II/389/ps1_dr2
154641667549905657,166.75497392845,38.87077843338,14.6321,II/389/ps1_dr2
154611665634463790,166.56340966467,38.8442322472,14.2761,II/389/ps1_dr2
154651665031614494,166.50311576676,38.87815494272,14.1108,II/389/ps1_dr2
154701665904581777,166.59043401308,38.91750643862,13.8443,II/389/ps1_dr2
154811666458410853,166.64582716561,39.00848478272,13.6805,II/389/ps1_dr2
154741668757012821,166.87560558,38.95191323,14.5027,II/389/ps1_dr2
154781667962235341,166.7962153253,38.98722102876,13.9543,II/389/ps1_dr2
155051668039871410,166.803973306,39.20893222008,13.9759,II/389/ps1_dr2
154801665734785030,166.57360895,39.00363509,12.166,II/389/ps1_dr2
154891665998064315,166.5997990134,39.07801631474,14.4336,II/389/ps1_dr2
154951664736629956,166.47362928147,39.13272637681,14.7513,II/389/ps1_dr2
155011664658505355,166.4658063448,39.17882876396,13.4484,II/389/ps1_dr2
154931666333910016,166.63340107371,39.10779944994,13.7211,II/389/ps1_dr2
155031667403364328,166.74035334552,39.19476549966,14.2159,II/389/ps1_dr2
155081667016896101,166.70178664,39.23808665,9.4912,II/389/ps1_dr2
155081667015566575,166.70161868,39.23817043,9.857,II/389/ps1_dr2
155121667013152315,166.70154546376,39.26797251416,12.994,II/389/ps1_dr2
155061665856191230,166.58564361585,39.2171191107,12.291,II/389/ps1_dr2
155101665644752213,166.56452885893,39.2512642974,13.7606,II/389/ps1_dr2
155241666927979218,166.69275435222,39.37381438171,13.8336,II/389/ps1_dr2
154521674043903336,167.40441531548,38.76893803795,13.265,II/389/ps1_dr2
154541672692976552,167.26912654252,38.78838415113,12.1126,II/389/ps1_dr2
154541672689226567,167.26900116,38.78830009,12.0252,II/389/ps1_dr2
154631674326531463,167.43260174663,38.85901900546,14.5181,II/389/ps1_dr2
154671672906899038,167.29066478082,38.89867141029,14.4289,II/389/ps1_dr2
154621671909633516,167.19099400541,38.85238124357,14.7601,II/389/ps1_dr2
154751673509673665,167.35088956709,38.96088481225,13.479,II/389/ps1_dr2
154691675387972889,167.53871006222,38.91021691726,12.609,II/389/ps1_dr2
154721675700483635,167.56979148,38.93575606,12.7169,II/389/ps1_dr2
154721675699104069,167.5699757,38.93617217,11.753,II/389/ps1_dr2
154771675553219710,167.55522474829,38.98256927981,14.7307,II/389/ps1_dr2
154831675945080518,167.59429925,39.02501236,12.4547,II/389/ps1_dr2
154831675945940014,167.59451061,39.0244762,13.0363,II/389/ps1_dr2
154841675840740954,167.58399217185,39.03358634857,14.1285,II/389/ps1_dr2
154831675941270237,167.59419079,39.0247775,12.387,II/389/ps1_dr2
154861676110010801,167.61070165,39.05011431,13.5264,II/389/ps1_dr2
154861676115690605,167.61166205,39.05005182,10.604,II/389/ps1_dr2
154861676119360792,167.6117958,39.05006779,12.163,II/389/ps1_dr2
154861676121500227,167.61200775,39.04956501,14.3115,II/389/ps1_dr2
154841675714794503,167.57138669192,39.03656568204,14.7363,II/389/ps1_dr2
154821675639119818,167.56382535051,39.02432733864,13.9674,II/389/ps1_dr2
154891675630769276,167.56310781,39.08220556,13.2369,II/389/ps1_dr2
154891675634268786,167.56350998,39.08180887,13.3353,II/389/ps1_dr2
154891675635019150,167.56342078032,39.08211930112,11.701,II/389/ps1_dr2
154891675638769104,167.56394232,39.08211346,13.8786,II/389/ps1_dr2
154951676012778310,167.60122164632,39.13144862566,14.5699,II/389/ps1_dr2
154901674045445707,167.40446032206,39.08761244926,14.1737,II/389/ps1_dr2
154791672667103848,167.26665074171,38.99435474473,14.8531,II/389/ps1_dr2
154821672222017888,167.22221785553,39.02269362692,13.5634,II/389/ps1_dr2
155041672060404526,167.20592433,39.20312374,11.4651,II/389/ps1_dr2
155041672056854364,167.20550374,39.2030684,11.67,II/389/ps1_dr2
154961673562070121,167.35614872827,39.13292952674,14.3767,II/389/ps1_dr2
155021673600415880,167.36001034942,39.18770837477,14.4788,II/389/ps1_dr2
155161674199894199,167.41994170569,39.30300021766,12.442,II/389/ps1_dr2
155151672422340073,167.24218200957,39.29114609829,12.1407,II/389/ps1_dr2
155191672469995243,167.24695109331,39.32880808418,13.6927,II/389/ps1_dr2
155211674087290121,167.40869646912,39.34128968143,14.9304,II/389/ps1_dr2
155121678178644389,167.81796134,39.26984268,11.652,II/389/ps1_dr2
155121678174734474,167.81741556,39.26984534,12.6902,II/389/ps1_dr2
155261676446482270,167.64480868,39.3848039,10.769,II/389/ps1_dr2
155261676451242496,167.644983,39.38497726,10.581,II/389/ps1_dr2
155141678548287703,167.85480748,39.28922297,14.3381,II/389/ps1_dr2
155141678535457472,167.85354194,39.28901392,13.1858,II/389/ps1_dr2
155141678542417059,167.85418263,39.28864691,14.1819,II/389/ps1_dr2
155141678545317333,167.854498038,39.28895106944,12.302,II/389/ps1_dr2
155231678612792179,167.86108491,39.3595542,12.6043,II/389/ps1_dr2
155231678609722379,167.86101062117,39.35981479808,11.656,II/389/ps1_dr2
155301678535987487,167.85359794978,39.4223674157,14.9279,II/389/ps1_dr2
155311679695640013,167.96952610613,39.42446500299,13.4448,II/389/ps1_dr2
155341677095868527,167.70953302957,39.45656481862,14.715,II/389/ps1_dr2
155361677890783949,167.78909506923,39.46943581463,13.4761,II/389/ps1_dr2
155431677767922978,167.77707501,39.5267485,12.6402,II/389/ps1_dr2
155431677778392682,167.77784138773,39.5266856033,11.661,II/389/ps1_dr2
155391678734320580,167.87344136767,39.49163121559,13.9833,II/389/ps1_dr2
155421679166197559,167.9166408481,39.52246475166,13.456,II/389/ps1_dr2
155241675813525959,167.58126035316,39.37111803667,13.119,II/389/ps1_dr2
155191674577796888,167.45772477821,39.33022955155,14.9333,II/389/ps1_dr2
155271675439338253,167.54390230232,39.39803884809,14.7059,II/389/ps1_dr2
155281675329205662,167.53261355,39.40433302,12.2136,II/389/ps1_dr2
155281675336005473,167.533767,39.403927,11.718,II/389/ps1_dr2
155331675955173606,167.5954663261,39.44415198705,13.9378,II/389/ps1_dr2
155291674690043943,167.46895633575,39.41107461284,14.9177,II/389/ps1_dr2
155451675835741454,167.58352374682,39.54235617414,12.107,II/389/ps1_dr2
155401676568494267,167.65686302014,39.50303473055,14.9479,II/389/ps1_dr2
155451677413793948,167.74136826331,39.54445414655,13.3284,II/389/ps1_dr2
155521677594278763,167.75939914931,39.6067975803,13.203,II/389/ps1_dr2
155561677972705596,167.79727931394,39.63749065707,14.6606,II/389/ps1_dr2
155591678083293539,167.80831818715,39.6607625777,13.286,II/389/ps1_dr2
155601677245639235,167.72442604584,39.67384225466,13.148,II/389/ps1_dr2
155561676465098799,167.64648637968,39.64015755155,14.078,II/389/ps1_dr2
155741677214949388,167.72159022,39.79065203,12.168,II/389/ps1_dr2
155751677132328532,167.71318762735,39.79830972775,12.694,II/389/ps1_dr2
155751677128648806,167.7128532,39.79858621,13.5527,II/389/ps1_dr2
154931670145072131,167.01450825003,39.10953181269,14.2355,II/389/ps1_dr2
155071671124102012,167.1124140868,39.22610624927,14.0086,II/389/ps1_dr2
155071668628369564,166.86279557608,39.23240149097,13.8799,II/389/ps1_dr2
155101668977337240,166.89770121697,39.25550348852,12.951,II/389/ps1_dr2
155141668461387265,166.8461792,39.28901068,11.104,II/389/ps1_dr2
155211672416458329,167.2415912513,39.34807115619,13.9181,II/389/ps1_dr2
155281672383735253,167.23838292835,39.40389694393,14.8228,II/389/ps1_dr2
155321672411845055,167.24127699251,39.4373165546,12.9402,II/389/ps1_dr2
155321672412665400,167.24126187714,39.43731744435,13.239,II/389/ps1_dr2
155411670898530670,167.08982103212,39.50836606112,14.5144,II/389/ps1_dr2
155401671763259959,167.17629282714,39.50778143235,12.824,II/389/ps1_dr2
155471671453395459,167.14524425368,39.56234770368,13.057,II/389/ps1_dr2
155131668324183077,166.83242461287,39.2770296454,14.3607,II/389/ps1_dr2
155391668862648335,166.88627461259,39.49808111089,13.116,II/389/ps1_dr2
155451668742843686,166.87427724622,39.54420215926,14.9263,II/389/ps1_dr2
155421670294307852,167.02953258,39.5228186,9.9121,II/389/ps1_dr2
155421670301237857,167.03001409,39.52270684,10.3081,II/389/ps1_dr2
155431669362004272,166.93613522868,39.52804764193,13.9445,II/389/ps1_dr2
155461669746466003,166.97460288734,39.55447503874,14.5526,II/389/ps1_dr2
155471669451303023,166.94507539964,39.56031920763,13.038,II/389/ps1_dr2
155561669935401716,166.99345331401,39.63422348408,14.1535,II/389/ps1_dr2
155491670651896174,167.06514691359,39.5796077748,14.5192,II/389/ps1_dr2
155521670856688271,167.08553869711,39.60632386601,12.609,II/389/ps1_dr2
155591671069624499,167.10691838228,39.66150948267,13.8518,II/389/ps1_dr2
155601671162719352,167.1165697,39.67356969,13.837,II/389/ps1_dr2
155601671167538801,167.1166854428,39.67350601297,12.661,II/389/ps1_dr2
155541668873224460,166.88727203471,39.61984297306,14.8525,II/389/ps1_dr2
155551668324525693,166.83241531487,39.62920143394,13.6177,II/389/ps1_dr2
155571668292718988,166.82929763744,39.64861138378,13.9576,II/389/ps1_dr2
155701669194262421,166.91943792,39.75142201,12.9969,II/389/ps1_dr2
155701669197552629,166.91972685162,39.75165925419,12.041,II/389/ps1_dr2
155721669443523973,166.94418026,39.76917312,13.9132,II/389/ps1_dr2
155731669424069863,166.9423748098,39.78270767435,11.805,II/389/ps1_dr2
155391673204255231,167.32042737111,39.49551474258,12.96,II/389/ps1_dr2
155461673950183195,167.39503782695,39.55212282369,14.2494,II/389/ps1_dr2
155551674334428747,167.43340233869,39.6317555659,13.933,II/389/ps1_dr2
155551673197516244,167.31973027367,39.62965523568,14.4126,II/389/ps1_dr2
155691673233385031,167.32336437957,39.74525118668,12.4813,II/389/ps1_dr2
155691673227305026,167.32274194,39.74531799,14.5001,II/389/ps1_dr2
155901675139636265,167.51390446852,39.92136037657,14.8333,II/389/ps1_dr2
155991675446722696,167.54459280429,39.99340071641,14.7913,II/389/ps1_dr2
155581671731852546,167.17305822043,39.65152548923,11.984,II/389/ps1_dr2
155701671168048527,167.11673871951,39.75655779246,14.1605,II/389/ps1_dr2
155861671088603178,167.10897047,39.88587423,13.3126,II/389/ps1_dr2
155861671095233053,167.10933947,39.88537483,11.222,II/389/ps1_dr2
155861671097612727,167.10976471,39.88510871,14.2117,II/389/ps1_dr2
155901672302861114,167.23030494103,39.91710158957,13.9665,II/389/ps1_dr2
155941674050259487,167.40508515,39.95735382,11.6188,II/389/ps1_dr2
155941674052918793,167.40520618,39.95649101,12.61,II/389/ps1_dr2
155941674055899609,167.40533669,39.95732898,14.9671,II/389/ps1_dr2
155941674048668951,167.40488572,39.95693851,10.847,II/389/ps1_dr2
155951673323562399,167.3323384498,39.95978078136,14.0418,II/389/ps1_dr2
156031673175955707,167.31756437537,40.02919753921,14.9079,II/389/ps1_dr2
156111672806796997,167.28060252259,40.09702155708,12.604,II/389/ps1_dr2
156151674245501676,167.42449118886,40.12587444979,14.7861,II/389/ps1_dr2
156241673328070960,167.33281691534,40.20030134306,13.8775,II/389/ps1_dr2
155221681906396279,168.19046922,39.35490719,12.7008,II/389/ps1_dr2
155221681910696055,168.19137902,39.35452818,10.4579,II/389/ps1_dr2
155371682267499682,168.22669086329,39.48253827171,13.9551,II/389/ps1_dr2
155651681284132826,168.12837549014,39.71014739267,14.2212,II/389/ps1_dr2
155601679010746196,167.9010874629,39.67131266688,14.8694,II/389/ps1_dr2
155581680509786517,168.05119883,39.65478679,10.6582,II/389/ps1_dr2
155581680514016364,168.05134,39.654877,10.362,II/389/ps1_dr2
155631681934624756,168.19342180064,39.69501050041,14.4785,II/389/ps1_dr2
155731681513759665,168.15161674,39.78263893,11.7034,II/389/ps1_dr2
155731681542858747,168.15420649048,39.78169130752,14.3914,II/389/ps1_dr2
155791681365536162,168.13648274467,39.82962153064,13.036,II/389/ps1_dr2
155811681066149277,168.10680826,39.84888421,12.944,II/389/ps1_dr2
155891681440232933,168.14395675222,39.91026370351,14.3315,II/389/ps1_dr2
155731679119764791,167.91199613263,39.77846200457,14.9174,II/389/ps1_dr2
155781678656365286,167.86566808812,39.8205401515,13.435,II/389/ps1_dr2
155761680131134627,168.01308617424,39.80331611096,13.392,II/389/ps1_dr2
155811679975289092,167.99749061695,39.84870523968,14.8897,II/389/ps1_dr2
155821679678233838,167.96776307151,39.85268096403,12.814,II/389/ps1_dr2
155841679798360430,167.97983566094,39.86647102126,13.9604,II/389/ps1_dr2
155941679426350865,167.94263630453,39.95017465071,14.7278,II/389/ps1_dr2
155901678095459355,167.80957102067,39.92391693139,13.5836,II/389/ps1_dr2
156021679614330333,167.96142492999,40.01638436314,14.9707,II/389/ps1_dr2
156131679517067888,167.95168784832,40.11431460848,13.9897,II/389/ps1_dr2
156071680379850458,168.03794928729,40.05815428778,14.3344,II/389/ps1_dr2
156121681048561060,168.10482594947,40.10032742317,13.3623,II/389/ps1_dr2
156231680280805037,168.02805170739,40.19526674609,13.6775,II/389/ps1_dr2
155931676345458401,167.63450162639,39.94816855971,14.3097,II/389/ps1_dr2
155951677590277383,167.75904241526,39.9639999919,14.6283,II/389/ps1_dr2
156021677652767454,167.76526843533,40.02239422296,14.4824,II/389/ps1_dr2
155961676287574413,167.62873435065,39.96983186045,14.2435,II/389/ps1_dr2
156031675897336934,167.58968351506,40.03034349313,13.1123,II/389/ps1_dr2
156031675899887310,167.5897119,40.03034081,13.364,II/389/ps1_dr2
156161677134108565,167.713482,40.13988606,12.097,II/389/ps1_dr2
156161677138158426,167.71388594,40.13985053,12.8208,II/389/ps1_dr2
156191677488860880,167.74879861437,40.15853273423,14.0104,II/389/ps1_dr2
156181676579795537,167.65799818147,40.15397431999,13.142,II/389/ps1_dr2
156071678899096533,167.88990096435,40.06320870676,14.3642,II/389/ps1_dr2
156171678390557808,167.8390434249,40.14763180001,14.6057,II/389/ps1_dr2
156261679876469773,167.98762640201,40.22420686699,13.5877,II/389/ps1_dr2
156231677654636697,167.76537282558,40.19667764729,12.975,II/389/ps1_dr2
156401679081519255,167.90813322742,40.34045663486,13.3843,II/389/ps1_dr2
156401678477466645,167.84770974782,40.33826736351,14.9707,II/389/ps1_dr2
156411678693547015,167.86934053597,40.34691080914,13.5499,II/389/ps1_dr2
156071675017212389,167.50139983,40.05976396,12.0868,II/389/ps1_dr2
156071675022432165,167.501993,40.05967352,11.862,II/389/ps1_dr2
156201676134768704,167.61338716254,40.17343243553,14.6727,II/389/ps1_dr2
156311675672016031,167.56707359045,40.26286846912,13.279,II/389/ps1_dr2
156211673930025512,167.39299493226,40.17905776691,12.843,II/389/ps1_dr2
156361675779227903,167.57795404,40.30609181,11.298,II/389/ps1_dr2
156361675784297920,167.57836405,40.30606076,12.1388,II/389/ps1_dr2
156361675773818108,167.57769316,40.30609981,11.1506,II/389/ps1_dr2
156431675496660792,167.54957491953,40.35846732502,13.8482,II/389/ps1_dr2
156411677340834708,167.7339371856,40.34498625059,14.926,II/389/ps1_dr2
156341676556378219,167.65554722359,40.28961645201,13.401,II/389/ps1_dr2
156481678204224113,167.82029922109,40.40279131644,14.7551,II/389/ps1_dr2
156461677304094452,167.73034160898,40.3864721908,14.1743,II/389/ps1_dr2
156511677584009372,167.75835819643,40.43224592817,13.5689,II/389/ps1_dr2
156601677045214224,167.70443945751,40.50293446502,14.83,II/389/ps1_dr2
156511679306992847,167.93069809644,40.42679647635,14.4086,II/389/ps1_dr2
156511679040845241,167.90402358194,40.42881788869,12.81,II/389/ps1_dr2
156541679431563017,167.94316228792,40.45194913264,14.5334,II/389/ps1_dr2
156611678817703747,167.88176579111,40.51091257995,13.8869,II/389/ps1_dr2
156731679021596645,167.90212787575,40.61331753746,14.2117,II/389/ps1_dr2
156761677502068543,167.75031828,40.63980969,13.852,II/389/ps1_dr2
156761677505108339,167.75033028942,40.63981508199,13.5792,II/389/ps1_dr2
152431643276714232,164.32781631699,37.02796139683,14.1718,II/389/ps1_dr2
152581644936545051,164.49364001783,37.15365284813,13.126,II/389/ps1_dr2
152611642463681177,164.24628288,37.17542747,9.7011,II/389/ps1_dr2
152611642459171168,164.24589551,37.17539342,9.463,II/389/ps1_dr2
152611642457970783,164.24579347,37.17511241,10.1947,II/389/ps1_dr2
152741644138725923,164.41389781682,37.28781275709,14.9921,II/389/ps1_dr2
152801643497502919,164.34976195359,37.3352001254,13.8771,II/389/ps1_dr2
152761642254699737,164.2256301,37.30756711,14.9225,II/389/ps1_dr2
152761642259479954,164.2258916528,37.30771280459,12.994,II/389/ps1_dr2
152791642535110700,164.2539452,37.32503856,12.9426,II/389/ps1_dr2
152791642539440880,164.25382275,37.32514046,11.67,II/389/ps1_dr2
152851643158616839,164.31588973,37.38007919,11.9421,II/389/ps1_dr2
152851643162317133,164.31640211,37.38042021,10.9834,II/389/ps1_dr2
152851643166097050,164.31635152,37.38028543,10.842,II/389/ps1_dr2
152961641632341289,164.16322452,37.46719256,13.7126,II/389/ps1_dr2
152961641636491334,164.16366074418,37.46724658629,12.043,II/389/ps1_dr2
153051641714657026,164.17146197949,37.54697357596,13.7049,II/389/ps1_dr2
152681645034289748,164.50339823041,37.24088965859,11.736,II/389/ps1_dr2
152791644969520545,164.49695131262,37.32490749002,14.072,II/389/ps1_dr2
152931645464919891,164.54668136091,37.44928511615,11.864,II/389/ps1_dr2
152901647007323976,164.70064419,37.41953869,13.7555,II/389/ps1_dr2
152901647008284308,164.70097235692,37.41959751011,12.5624,II/389/ps1_dr2
153011648210686345,164.82105467769,37.51303113323,14.3055,II/389/ps1_dr2
153051648069164818,164.80680450136,37.54512988708,14.741,II/389/ps1_dr2
153101647087445125,164.70876257142,37.58700457486,14.824,II/389/ps1_dr2
153171646927757478,164.69280447166,37.64730104616,14.5233,II/389/ps1_dr2
152971643245357645,164.32448305354,37.48080478586,14.7713,II/389/ps1_dr2
153021644051739984,164.40511800258,37.5244059963,14.4292,II/389/ps1_dr2
153101644252413446,164.42520763735,37.58563656407,14.9715,II/389/ps1_dr2
153141644441248180,164.44411221216,37.62290729283,14.5305,II/389/ps1_dr2
153031642842126667,164.28415686364,37.5300209899,14.9277,II/389/ps1_dr2
153051643068539614,164.30685370526,37.54912941224,13.8018,II/389/ps1_dr2
153181644269106057,164.42692199276,37.65453807145,13.38,II/389/ps1_dr2
153171643666767857,164.36671394,37.64771874,13.4387,II/389/ps1_dr2
153171643670408987,164.36718522,37.64867122,11.5749,II/389/ps1_dr2
153211643090296329,164.30926275,37.67974719,14.72,II/389/ps1_dr2
153171643649079591,164.36496758,37.64901946,14.5845,II/389/ps1_dr2
153231645130842016,164.51322994,37.69270646,11.144,II/389/ps1_dr2
153291643774219314,164.37740688889,37.74891629472,12.946,II/389/ps1_dr2
153431645023369686,164.50254376,37.86578964,10.331,II/389/ps1_dr2
153431645027679553,164.50264727,37.86585884,11.112,II/389/ps1_dr2
153181648939890769,164.89394527,37.65014242,12.886,II/389/ps1_dr2
153201648477147137,164.84760928992,37.67203829155,14.8489,II/389/ps1_dr2
153181648939651670,164.89371419,37.65066709,11.2194,II/389/ps1_dr2
153241648862617777,164.88609219276,37.70589367114,13.5109,II/389/ps1_dr2
153351647875232229,164.78737673888,37.79296741041,13.3687,II/389/ps1_dr2
153331649137661483,164.91368252136,37.77565737,13.427,II/389/ps1_dr2
153381649451152143,164.94509561641,37.81788548954,14.4073,II/389/ps1_dr2
153431648730583446,164.87295864647,37.86058705486,13.8919,II/389/ps1_dr2
153411651093893950,165.10942953734,37.84441089837,14.606,II/389/ps1_dr2
153411650688891146,165.06893935025,37.84203182909,13.217,II/389/ps1_dr2
153481650576498829,165.05767548369,37.90678822309,13.413,II/389/ps1_dr2
153501650081003704,165.00812740089,37.91917581936,13.182,II/389/ps1_dr2
153351647391960780,164.73901965,37.79169528,13.1822,II/389/ps1_dr2
153341647052023076,164.70508406416,37.78533428409,14.7452,II/389/ps1_dr2
153511647263349441,164.72629660124,37.93232501771,13.7025,II/389/ps1_dr2
153521646410094369,164.64098322433,37.93641645219,14.5002,II/389/ps1_dr2
153601647759516502,164.77593292518,38.0048490404,13.22,II/389/ps1_dr2
153641647408763963,164.7407847737,38.03619485766,12.928,II/389/ps1_dr2
153721647078828768,164.70784342779,38.10678287048,14.8445,II/389/ps1_dr2
153561649224011428,164.9223686088,37.96727180066,14.982,II/389/ps1_dr2
153601648760661901,164.87601996,38.00120667,9.628,II/389/ps1_dr2
153601648763332240,164.87619475,38.00135983,10.0233,II/389/ps1_dr2
153621649695822163,164.96952715546,38.0179075972,14.8392,II/389/ps1_dr2
153691650005791642,165.00055341236,38.07581140052,13.8987,II/389/ps1_dr2
153751650012629682,165.00124196937,38.13252059412,14.1253,II/389/ps1_dr2
153841648209865411,164.82080815237,38.20385733508,12.3033,II/389/ps1_dr2
153921649042988894,164.9042839915,38.27355756318,14.3251,II/389/ps1_dr2
153881648642160698,164.86420788566,38.23338452306,14.1333,II/389/ps1_dr2
153111642147684131,164.21471849254,37.59453952073,14.0371,II/389/ps1_dr2
153231642092015821,164.20918191153,37.69596508348,14.6756,II/389/ps1_dr2
153261642136961959,164.21375568,37.71798941,10.383,II/389/ps1_dr2
153261642139331511,164.21394163,37.71753628,10.0327,II/389/ps1_dr2
153261642141071996,164.21432619,37.71798866,10.6579,II/389/ps1_dr2
153261642144531494,164.21432234,37.71736525,11.832,II/389/ps1_dr2
153261641319158765,164.13192023773,37.72342687237,12.368,II/389/ps1_dr2
153331640849631863,164.0849469983,37.77600622463,14.5577,II/389/ps1_dr2
153401641989642339,164.19878124434,37.83468309096,12.9628,II/389/ps1_dr2
153401641990011941,164.19901462,37.83452444,13.738,II/389/ps1_dr2
153511645007294986,164.50071565472,37.92859515369,12.18,II/389/ps1_dr2
153511643452528977,164.34526067724,37.93193205259,14.6468,II/389/ps1_dr2
153521642126363593,164.2126012,37.93573107,11.51,II/389/ps1_dr2
153521642127703188,164.21260901032,37.93567183145,11.4887,II/389/ps1_dr2
153521642130643680,164.21297843,37.93577552,13.9699,II/389/ps1_dr2
153601644312946990,164.43129420354,38.00526174493,14.0525,II/389/ps1_dr2
153631643579503300,164.35792626092,38.0270667946,11.935,II/389/ps1_dr2
153531641742275982,164.17425290748,37.94607166654,13.227,II/389/ps1_dr2
153631641302634670,164.13024077308,38.02833283777,14.9116,II/389/ps1_dr2
153731641824850159,164.18248858185,38.10791547735,14.2769,II/389/ps1_dr2
153791642266860944,164.2266678784,38.15857420667,14.0335,II/389/ps1_dr2
153691641088424933,164.10884960789,38.07856776206,14.2644,II/389/ps1_dr2
153711640278496184,164.02784062535,38.09623897351,13.114,II/389/ps1_dr2
153781640506178519,164.05060561819,38.15652148698,12.772,II/389/ps1_dr2
153561644898125212,164.48978955689,37.97044548581,12.595,II/389/ps1_dr2
153651645740976962,164.57407613011,38.04693205182,13.8105,II/389/ps1_dr2
153651645447827546,164.54462297055,38.04728706876,14.3583,II/389/ps1_dr2
153691646504261391,164.65040931,38.07557765,12.041,II/389/ps1_dr2
153721645704650870,164.57039959109,38.1001975869,14.3025,II/389/ps1_dr2
153731645382662570,164.53823874298,38.10994700059,12.987,II/389/ps1_dr2
153781646208242374,164.62081550753,38.15146649581,13.5424,II/389/ps1_dr2
153821646291665163,164.62913552344,38.18711137082,13.5719,II/389/ps1_dr2
153681643997786351,164.39978486174,38.07140540557,13.446,II/389/ps1_dr2
153721643884622137,164.38847081733,38.10119669099,14.8639,II/389/ps1_dr2
153781645663093351,164.56622279003,38.15224790906,14.5938,II/389/ps1_dr2
153841644493348275,164.44932253,38.20633811,14.7593,II/389/ps1_dr2
153841644497448834,164.44977419,38.20698552,10.696,II/389/ps1_dr2
153951648706779388,164.87066814636,38.29896406342,14.6353,II/389/ps1_dr2
153911647566275428,164.75678806,38.26231437,10.017,II/389/ps1_dr2
153911647571105550,164.75709798,38.26226854,10.5595,II/389/ps1_dr2
153951645767713824,164.57679323542,38.29431429113,14.127,II/389/ps1_dr2
154011643984015458,164.39840995,38.34569533,13.834,II/389/ps1_dr2
154011643988775261,164.39899704,38.34552112,12.309,II/389/ps1_dr2
154011643989216057,164.39888578,38.34615614,13.662,II/389/ps1_dr2
154011644111085614,164.41107671318,38.34581073239,14.3925,II/389/ps1_dr2
154061642957530999,164.29572491645,38.38365154693,14.8706,II/389/ps1_dr2
154171646290742646,164.62906930399,38.47664255578,14.1517,II/389/ps1_dr2
154311645450331187,164.54502373569,38.59202889606,13.494,II/389/ps1_dr2
153561652343498941,165.23436454314,37.97362929731,13.17,II/389/ps1_dr2
153631652899621422,165.28994866237,38.02567365123,13.335,II/389/ps1_dr2
153601652656538518,165.26565650662,38.0065875371,14.3648,II/389/ps1_dr2
153701653293498512,165.3293615448,38.0899026662,12.838,II/389/ps1_dr2
153851651930632597,165.1930471165,38.21000091157,14.7049,II/389/ps1_dr2
153751654025365404,165.40250925744,38.1289522451,14.5569,II/389/ps1_dr2
153781653733643901,165.37334022499,38.15270683793,13.991,II/389/ps1_dr2
153821654740519055,165.47394989891,38.19030576799,13.321,II/389/ps1_dr2
153841654480399074,165.44797675788,38.20701136016,14.9424,II/389/ps1_dr2
153931654808779179,165.48076139752,38.28210830509,13.112,II/389/ps1_dr2
153941655416977318,165.54159925376,38.2888890025,14.9496,II/389/ps1_dr2
153941653204396768,165.3204303432,38.28845667794,14.7936,II/389/ps1_dr2
153911653718657533,165.37207924,38.26424527,12.9201,II/389/ps1_dr2
153971652611686132,165.26108980243,38.31318869479,14.0237,II/389/ps1_dr2
154051654642307603,165.46415631053,38.38082769287,14.3542,II/389/ps1_dr2
153821650290744302,165.02906561975,38.18638176481,14.4446,II/389/ps1_dr2
153901650946298367,165.09461297894,38.25642067107,13.3564,II/389/ps1_dr2
153851651431786401,165.14317426197,38.21316269675,14.666,II/389/ps1_dr2
153901651640310932,165.16393270461,38.25001411395,11.4904,II/389/ps1_dr2
153921651355453825,165.1355517,38.269343,13.5721,II/389/ps1_dr2
153921651379034611,165.13776934,38.26983078,10.1996,II/389/ps1_dr2
153921651386035236,165.13859577,38.27038579,9.362,II/389/ps1_dr2
153921651389645290,165.13896153,38.27054872,9.1924,II/389/ps1_dr2
153911651041086316,165.10398144,38.26307235,11.1172,II/389/ps1_dr2
153991650085482023,165.00849583104,38.32614720257,13.5925,II/389/ps1_dr2
154081650207279728,165.02070476459,38.4075670939,14.3707,II/389/ps1_dr2
154101652460590473,165.24600755122,38.41660450264,14.014,II/389/ps1_dr2
154171651514729062,165.15157733,38.48190273,11.4192,II/389/ps1_dr2
154171651518088767,165.15179874,38.48176145,11.553,II/389/ps1_dr2
154171651519419078,165.15207303,38.48201601,13.5721,II/389/ps1_dr2
154171651524108487,165.15221633,38.48154589,12.726,II/389/ps1_dr2
154241651556068547,165.15547338,38.53955954,11.1382,II/389/ps1_dr2
154241651561218356,165.15599655,38.54016403,11.3895,II/389/ps1_dr2
154241651576808432,165.15757551795,38.53981190099,13.0069,II/389/ps1_dr2
154351652713444456,165.27126057919,38.62816606153,14.5226,II/389/ps1_dr2
154361651938891116,165.19381454473,38.63376669174,13.354,II/389/ps1_dr2
154101655685662413,165.5685497,38.41851163,11.9333,II/389/ps1_dr2
154101655687943103,165.56865805,38.41869405,11.9886,II/389/ps1_dr2
154101655696543542,165.56959364,38.41900901,11.9079,II/389/ps1_dr2
154181657412551950,165.74115779929,38.48437916428,13.3,II/389/ps1_dr2
154211656923993838,165.69237901,38.51091797,10.954,II/389/ps1_dr2
154211656918503727,165.69185823,38.51091681,11.597,II/389/ps1_dr2
154161654347253807,165.43467548503,38.4693171257,14.7355,II/389/ps1_dr2
154181654424474149,165.44238614034,38.48626501324,13.863,II/389/ps1_dr2
154281655094655755,165.50964854,38.57100972,11.107,II/389/ps1_dr2
154281655098135899,165.50994925,38.57120881,11.8392,II/389/ps1_dr2
154281655102535916,165.51037248,38.57094996,12.8418,II/389/ps1_dr2
154241655460053347,165.54596630161,38.5355739831,13.5665,II/389/ps1_dr2
154351655927235808,165.59269343307,38.62927456919,14.0172,II/389/ps1_dr2
154301658250387689,165.82498809006,38.58924236641,12.1,II/389/ps1_dr2
154311658278820425,165.82789437092,38.59147557969,12.89,II/389/ps1_dr2
154421656608930085,165.66090074395,38.6828703692,12.821,II/389/ps1_dr2
154411656181314110,165.61811659101,38.67787381229,14.1519,II/389/ps1_dr2
154601657945474914,165.79461981,38.83666668,10.225,II/389/ps1_dr2
154601657947205255,165.79460756,38.83710907,10.729,II/389/ps1_dr2
154601657951234932,165.79495784,38.83698157,10.7531,II/389/ps1_dr2
154331653438391842,165.34376464441,38.6093296264,14.1519,II/389/ps1_dr2
154421655499141387,165.55009151704,38.68411388296,13.2295,II/389/ps1_dr2
154421655502201591,165.55011027645,38.68410846211,13.1891,II/389/ps1_dr2
154451655354272243,165.53535580651,38.70965042997,14.4252,II/389/ps1_dr2
154381654543941153,165.45432481272,38.65045442243,12.805,II/389/ps1_dr2
154481653072557744,165.30719613516,38.73926355551,12.25,II/389/ps1_dr2
154561656475301207,165.64772174095,38.8002843054,12.2215,II/389/ps1_dr2
154561655461149933,165.54606438433,38.80770118922,14.9266,II/389/ps1_dr2
154571655588302682,165.55879697576,38.80997334568,14.9523,II/389/ps1_dr2
154561656732295431,165.67320808476,38.8039181352,14.8154,II/389/ps1_dr2
154651657011094189,165.70105226241,38.87789959561,14.1106,II/389/ps1_dr2
154661656415467055,165.64152695865,38.88861628114,14.3121,II/389/ps1_dr2
154661656424107133,165.64234454314,38.88866772648,14.299,II/389/ps1_dr2
154681656427500884,165.6427297258,38.90015678797,14.9651,II/389/ps1_dr2
154601654973657609,165.4973019091,38.83909248257,14.6513,II/389/ps1_dr2
154661654868472216,165.48679665831,38.88461451833,14.5946,II/389/ps1_dr2
154721655957678898,165.59574024278,38.94017071716,14.7724,II/389/ps1_dr2
154771656434798587,165.64344657294,38.9815687314,14.7196,II/389/ps1_dr2
154031649208271916,164.92081773812,38.35939450695,12.744,II/389/ps1_dr2
154151650121004885,165.01207089512,38.46185506189,14.4004,II/389/ps1_dr2
154121647582939145,164.75828716063,38.44040521538,14.1789,II/389/ps1_dr2
154301648455305358,164.84552705093,38.5872425388,14.9276,II/389/ps1_dr2
154321648218536871,164.82176207,38.60512247,11.9412,II/389/ps1_dr2
154251650783819371,165.07833182341,38.54892782665,14.1271,II/389/ps1_dr2
154311650859123192,165.08587672187,38.5937596503,13.8533,II/389/ps1_dr2
154331650359495887,165.03592102144,38.61267520032,13.338,II/389/ps1_dr2
154351650333923960,165.03335921472,38.6277478451,14.84,II/389/ps1_dr2
154331651232529429,165.12322477033,38.61563909099,13.3038,II/389/ps1_dr2
154461651516256463,165.15154773435,38.72150169085,13.163,II/389/ps1_dr2
154441650446994134,165.04465963856,38.70289237271,14.2444,II/389/ps1_dr2
154491650247884912,165.02476316454,38.74520123952,13.8116,II/389/ps1_dr2
154411648278262140,164.82783164322,38.67619970184,13.6937,II/389/ps1_dr2
154451645964026034,164.59641331046,38.71273867606,12.949,II/389/ps1_dr2
154581647052770830,164.70528939247,38.81681094195,14.8507,II/389/ps1_dr2
154541648628444606,164.86286537415,38.7866018962,14.6802,II/389/ps1_dr2
154521648158076424,164.81582222159,38.77146569137,14.8818,II/389/ps1_dr2
154641650197823841,165.01967185919,38.86927627444,13.6386,II/389/ps1_dr2
154621649020236471,164.90184782,38.85488427,11.094,II/389/ps1_dr2
154621649014936675,164.90175,38.85520544,10.859,II/389/ps1_dr2
154721648080555063,164.80806622903,38.93698024839,14.596,II/389/ps1_dr2
154731652401526337,165.2402153376,38.94633681092,12.093,II/389/ps1_dr2
154731652404495983,165.24027482,38.94600997,14.074,II/389/ps1_dr2
154731652406286374,165.24060811,38.94645758,13.6357,II/389/ps1_dr2
154851653230424668,165.32302472613,39.04497045451,13.458,II/389/ps1_dr2
154861652524953053,165.25242981936,39.05200601904,14.9981,II/389/ps1_dr2
154931653427547185,165.34271093007,39.11373699453,13.06,II/389/ps1_dr2
154971654459951634,165.44601542367,39.14247603048,14.8447,II/389/ps1_dr2
154991653378411069,165.33742661,39.15889061,10.9372,II/389/ps1_dr2
154991653382440632,165.33825657,39.15857657,10.7792,II/389/ps1_dr2
154691650608309327,165.06075566796,38.91558909825,14.6633,II/389/ps1_dr2
154731651042013782,165.10413765055,38.94424604935,12.986,II/389/ps1_dr2
154791651627947276,165.16269803,38.99716555,11.5298,II/389/ps1_dr2
154931651548278572,165.15481954066,39.11491778582,13.6173,II/389/ps1_dr2
154871649633534560,164.96329819799,39.06156893401,14.3333,II/389/ps1_dr2
154901649732171723,164.97319914533,39.08420139584,14.6564,II/389/ps1_dr2
154981653120152062,165.3121694,39.15106205,11.887,II/389/ps1_dr2
154981653124061809,165.31239808,39.15094566,11.9559,II/389/ps1_dr2
155011653050125452,165.30500652756,39.17900888013,14.4779,II/389/ps1_dr2
154981651994050891,165.19938091869,39.1501695135,14.4897,II/389/ps1_dr2
155051652106283151,165.2103934,39.21038563,12.6712,II/389/ps1_dr2
155051652109872535,165.21049696,39.21004329,12.4897,II/389/ps1_dr2
155071652798165850,165.27994304073,39.22929326704,12.807,II/389/ps1_dr2
155151653299783287,165.32994969526,39.29389785821,14.7873,II/389/ps1_dr2
155121652187656795,165.21871068639,39.27179505377,13.376,II/389/ps1_dr2
155141651857234341,165.18564962104,39.28643190884,14.8321,II/389/ps1_dr2
155111651130015658,165.11299404511,39.2625297574,14.5353,II/389/ps1_dr2
155171652321158445,165.23208913462,39.31485617872,13.4685,II/389/ps1_dr2
155191651691059787,165.16906836,39.33263227,14.8491,II/389/ps1_dr2
155191651699389659,165.17003606588,39.33252209043,11.185,II/389/ps1_dr2
155201651659534637,165.16590737939,39.33668162098,14.7183,II/389/ps1_dr2
155241651835713449,165.1835343812,39.36900195103,14.0049,II/389/ps1_dr2
153911640516826418,164.05167292188,38.26313350888,14.8832,II/389/ps1_dr2
154031640874638533,164.08744840105,38.364907214,13.3817,II/389/ps1_dr2
153961638360763165,163.83606427512,38.30208258219,12.996,II/389/ps1_dr2
154171639104138364,163.91046962,38.4814134,12.6979,II/389/ps1_dr2
154171639106378895,163.9106107,38.48186044,14.2088,II/389/ps1_dr2
154171639108148507,163.9107855,38.48156791,11.6972,II/389/ps1_dr2
154171639110068817,163.91084126,38.48186916,11.7554,II/389/ps1_dr2
154171639114398249,163.9111815,38.4814507,12.0083,II/389/ps1_dr2
154151637904464272,163.79036830283,38.46137396856,14.6859,II/389/ps1_dr2
154151637916594819,163.79158870067,38.46183299688,14.8511,II/389/ps1_dr2
154161638086909927,163.80888373508,38.47450584842,13.954,II/389/ps1_dr2
154181637241365902,163.72414684861,38.48773651987,14.2786,II/389/ps1_dr2
154211638333303548,163.83334266431,38.51078315331,14.1822,II/389/ps1_dr2
154261637977822042,163.79781903,38.55119578255,14.8711,II/389/ps1_dr2
154141641500619566,164.14996879248,38.45739204138,13.329,II/389/ps1_dr2
154211642984997530,164.29846541385,38.51406421351,13.9141,II/389/ps1_dr2
154141642317408955,164.23171443726,38.45694345304,14.1892,II/389/ps1_dr2
154211642542866781,164.25429440917,38.51342640637,13.137,II/389/ps1_dr2
154141641092902342,164.10923949637,38.45139567151,14.1103,II/389/ps1_dr2
154211640603151750,164.06023844,38.509295,10.7121,II/389/ps1_dr2
154211640598512026,164.0598176,38.50943228,10.809,II/389/ps1_dr2
154331641371018921,164.13713129545,38.61522011212,14.1642,II/389/ps1_dr2
154361641822538652,164.18226211554,38.63997564712,14.8844,II/389/ps1_dr2
154311643171973843,164.3171400828,38.59418352436,12.602,II/389/ps1_dr2
154321644397737731,164.43979206876,38.60590494647,13.8202,II/389/ps1_dr2
154391645053166959,164.50533034863,38.66357929767,14.1205,II/389/ps1_dr2
154451644856092725,164.48564070966,38.71000629234,11.887,II/389/ps1_dr2
154451644860732567,164.48616562,38.70979619,12.0702,II/389/ps1_dr2
154361642812565795,164.28126723313,38.63757269192,13.277,II/389/ps1_dr2
154531644317656613,164.43178454877,38.77999435642,14.1329,II/389/ps1_dr2
154551642952700414,164.29527015,38.79147218,12.8125,II/389/ps1_dr2
154541642957599481,164.29574824,38.79068657,13.1615,II/389/ps1_dr2
154241640293124237,164.02932573494,38.5361469756,12.836,II/389/ps1_dr2
154291639562715154,163.95631829334,38.5787819331,14.1301,II/389/ps1_dr2
154321639447286060,163.94484960228,38.60452378806,14.6899,II/389/ps1_dr2
154441641370539910,164.13707174839,38.70769068537,13.8891,II/389/ps1_dr2
154311639177839522,163.91782299106,38.59908691022,14.5448,II/389/ps1_dr2
154431639826525958,163.98267902751,38.69608423116,14.9046,II/389/ps1_dr2
154521640696086438,164.06963677045,38.77147290668,14.1643,II/389/ps1_dr2
154531640191166041,164.01911133937,38.77938597527,12.901,II/389/ps1_dr2
154521642609378507,164.26094690555,38.77321065361,12.598,II/389/ps1_dr2
154531642190743113,164.21908565782,38.77703971789,14.4226,II/389/ps1_dr2
154511641379448639,164.13795223707,38.76497852109,14.5457,II/389/ps1_dr2
154541641378198527,164.13783311347,38.78988404549,14.5603,II/389/ps1_dr2
154561641927914717,164.19280551437,38.80336527621,14.2771,II/389/ps1_dr2
154621642794581605,164.27945442064,38.85081373522,14.4676,II/389/ps1_dr2
154721642438068979,164.24380367911,38.94029449684,14.4519,II/389/ps1_dr2
154691640469159230,164.04690072578,38.91547433592,14.029,II/389/ps1_dr2
154691641983397656,164.19826227061,38.9141771761,12.1687,II/389/ps1_dr2
154381637789791389,163.77903378364,38.65063387281,14.1518,II/389/ps1_dr2
154601636058009944,163.60579262921,38.84109084768,14.1903,II/389/ps1_dr2
154611637425854323,163.74259891027,38.84473141202,13.5726,II/389/ps1_dr2
154651637713644549,163.7713610156,38.87825386534,13.9581,II/389/ps1_dr2
154661636651811750,163.66515848449,38.88427343135,14.9274,II/389/ps1_dr2
154831638419123624,163.84189350339,39.02749233,13.471,II/389/ps1_dr2
154721639544304380,163.9544010616,38.93642350996,13.8348,II/389/ps1_dr2
154781639596972989,163.95970876627,38.98525760714,13.449,II/389/ps1_dr2
154781639616732433,163.96168400418,38.98480928625,13.2462,II/389/ps1_dr2
154921641043975558,164.10437166494,39.10417046844,12.8414,II/389/ps1_dr2
154871638467168211,163.84663410594,39.06460673523,14.446,II/389/ps1_dr2
154881638471230071,163.8471875447,39.06628880043,12.411,II/389/ps1_dr2
154961639901072645,163.99014941188,39.13497759521,13.9628,II/389/ps1_dr2
154961640449228663,164.04494517798,39.13999087658,14.9058,II/389/ps1_dr2
154731636630033696,163.66299397969,38.94423222415,13.416,II/389/ps1_dr2
154761636762725329,163.6762301,38.97048189,12.324,II/389/ps1_dr2
154761636764125019,163.67633042,38.9704595,12.8932,II/389/ps1_dr2
154791636625576992,163.66248715,38.99694587,12.4978,II/389/ps1_dr2
154791636626617334,163.66265431,38.99717046,11.829,II/389/ps1_dr2
154851637884626834,163.78846390935,39.04682744357,13.454,II/389/ps1_dr2
154951636467100872,163.64668005085,39.12520467887,14.8552,II/389/ps1_dr2
154991636362796018,163.6362526929,39.16281669878,14.3882,II/389/ps1_dr2
155001636302645305,163.63013282464,39.17048908243,13.0997,II/389/ps1_dr2
155001636306265481,163.63062024948,39.1707130874,12.625,II/389/ps1_dr2
155031637980271158,163.79801048409,39.19210394656,13.8497,II/389/ps1_dr2
155031638904047711,163.89041789196,39.19758964633,13.8195,II/389/ps1_dr2
155121638580066325,163.85800853459,39.27141572569,14.8045,II/389/ps1_dr2
155051637099022230,163.70988947238,39.20965422544,14.5578,II/389/ps1_dr2
155171637739758913,163.77395326992,39.31520250967,14.9976,II/389/ps1_dr2
155161638074918692,163.80745826962,39.30667515094,14.4899,II/389/ps1_dr2
154501645184579822,164.51847733723,38.75766814794,14.6029,II/389/ps1_dr2
154581645346672786,164.53463873896,38.81851734172,13.222,II/389/ps1_dr2
154631646147639898,164.61475486253,38.8660503577,14.0715,II/389/ps1_dr2
154631646193737618,164.61936315344,38.86413120411,13.8495,II/389/ps1_dr2
154651644158405995,164.41584238642,38.87944100601,12.956,II/389/ps1_dr2
154651644158945620,164.41579643254,38.87928316501,13.0496,II/389/ps1_dr2
154681644464472746,164.44637241763,38.90163129462,13.7705,II/389/ps1_dr2
154711647574306265,164.75745435146,38.92965257073,13.608,II/389/ps1_dr2
154741647725213327,164.77253188144,38.95222318665,14.1653,II/389/ps1_dr2
154771646741809480,164.67413978,38.98224791,9.347,II/389/ps1_dr2
154811647406662417,164.74064507702,39.00980357041,14.9822,II/389/ps1_dr2
154951648007764908,164.80078838268,39.12855211313,14.5835,II/389/ps1_dr2
154861645505523484,164.5505464,39.05259387,13.1439,II/389/ps1_dr2
154941645972284839,164.59728066,39.11999704,12.9587,II/389/ps1_dr2
154941645972385660,164.59720459,39.1208158,12.4071,II/389/ps1_dr2
154941645970635190,164.59702166,39.12037725,11.015,II/389/ps1_dr2
154851643435144398,164.34341521905,39.04477033785,13.6806,II/389/ps1_dr2
154811644326673998,164.43261835758,39.01111026196,14.2644,II/389/ps1_dr2
154841644311013848,164.43104649466,39.03592454394,12.196,II/389/ps1_dr2
154941644201091997,164.42001861396,39.11781162351,13.354,II/389/ps1_dr2
154981643331478930,164.33304458821,39.15687336065,12.52,II/389/ps1_dr2
155001643396529305,164.33955795372,39.17388439291,14.9361,II/389/ps1_dr2
155051643671154889,164.36699162757,39.21188496035,14.3659,II/389/ps1_dr2
155031643382878307,164.33819334901,39.19805434112,14.7771,II/389/ps1_dr2
154991644691463578,164.46909944644,39.16074539819,14.6347,II/389/ps1_dr2
155111646260229707,164.62599205762,39.26584460897,14.9981,II/389/ps1_dr2
155191644621315281,164.46208495,39.32884549094,13.549,II/389/ps1_dr2
155271644872616490,164.48717795011,39.3965242828,14.8603,II/389/ps1_dr2
154961649432539333,164.94326343418,39.14058411967,14.6,II/389/ps1_dr2
154961648459779371,164.84591337486,39.14061458115,13.083,II/389/ps1_dr2
155051649947808742,164.99479345226,39.21509434338,13.496,II/389/ps1_dr2
155091647547600660,164.75481539,39.24179579,12.7314,II/389/ps1_dr2
155091647552830608,164.75516368,39.24178742,10.274,II/389/ps1_dr2
155091647556540499,164.75545706,39.24169002,10.559,II/389/ps1_dr2
155091647553020129,164.75500155,39.24111673,12.2352,II/389/ps1_dr2
155181649044454517,164.90443727253,39.31990485487,14.8245,II/389/ps1_dr2
155211649052210619,164.905338574,39.34161232106,12.939,II/389/ps1_dr2
155241651127698819,165.11273369353,39.37349323337,14.9096,II/389/ps1_dr2
155281651205527962,165.12050158003,39.40612662644,14.0269,II/389/ps1_dr2
155311651513259257,165.15130167475,39.43220361355,14.79,II/389/ps1_dr2
155331651983348947,165.19827781597,39.44861544537,13.9509,II/389/ps1_dr2
155341651593891329,165.1593643656,39.4505985776,14.4834,II/389/ps1_dr2
155391649504319124,164.95045470542,39.49876673698,13.7709,II/389/ps1_dr2
155401649361251661,164.93613734473,39.50088548311,13.9526,II/389/ps1_dr2
155531650757607938,165.07576795308,39.61435731874,14.5946,II/389/ps1_dr2
155231646700402896,164.67001699017,39.36018935886,13.8526,II/389/ps1_dr2
155371648526976418,164.85270024871,39.47983870276,14.1682,II/389/ps1_dr2
155261646416919943,164.64165879642,39.39105880751,14.8213,II/389/ps1_dr2
155401646572525402,164.65717038387,39.50398062164,13.5692,II/389/ps1_dr2
155421647502221321,164.75022643178,39.51724017352,14.1411,II/389/ps1_dr2
155461646865756135,164.68657869137,39.5545667803,14.4471,II/389/ps1_dr2
155381648715633162,164.87156603105,39.48546722816,13.432,II/389/ps1_dr2
155461648143366653,164.81434954068,39.55504345214,14.6643,II/389/ps1_dr2
155461648344179306,164.83443880081,39.55725229148,14.1347,II/389/ps1_dr2
155481649015549320,164.90149451229,39.57379308601,13.7712,II/389/ps1_dr2
155501649756896423,164.97571026602,39.58817911341,14.9268,II/389/ps1_dr2
155571648980931196,164.8981218305,39.64215144514,14.9037,II/389/ps1_dr2
155491647679676350,164.76793177033,39.5797688925,12.597,II/389/ps1_dr2
155561647453221933,164.74532286285,39.63443152415,14.2986,II/389/ps1_dr2
155601648676259515,164.86765621313,39.67410157824,14.7675,II/389/ps1_dr2
155651648738388305,164.873949,39.714615,12.1,II/389/ps1_dr2
155651648742298224,164.8741940859,39.71458602079,11.815,II/389/ps1_dr2
155651648743097525,164.8743345,39.71423989,13.9861,II/389/ps1_dr2
155681648493422532,164.84938322655,39.7349422986,14.6803,II/389/ps1_dr2
155771648751411931,164.87517385534,39.80942864466,14.0878,II/389/ps1_dr2
154941641750822226,164.17507485327,39.11798609862,14.0895,II/389/ps1_dr2
154991640942544975,164.09420689229,39.16185274502,13.048,II/389/ps1_dr2
155131642025780403,164.20249334,39.27474943,13.6319,II/389/ps1_dr2
155131642027140000,164.20274294,39.27445493,13.7316,II/389/ps1_dr2
155121642609894795,164.26082787329,39.27008072839,13.069,II/389/ps1_dr2
155141642819699119,164.28190195081,39.29038100467,13.347,II/389/ps1_dr2
155121641648823121,164.16485748938,39.26871430964,13.4032,II/389/ps1_dr2
155101640317009993,164.03172762685,39.25778121015,14.2596,II/389/ps1_dr2
155121643439405659,164.34376759106,39.27085216257,14.8772,II/389/ps1_dr2
155211643027380672,164.30267495633,39.34168741509,14.9971,II/389/ps1_dr2
155301644108126137,164.41085173556,39.42122996183,12.333,II/389/ps1_dr2
155371644111727181,164.41130663,39.48038324,13.3271,II/389/ps1_dr2
155371644115647076,164.41149311,39.48046894,11.404,II/389/ps1_dr2
155371644122356831,164.4121992,39.48015296,14.9668,II/389/ps1_dr2
155341642478841955,164.24785472348,39.45109587303,14.3736,II/389/ps1_dr2
155321642050014936,164.20497888483,39.43691182302,14.3084,II/389/ps1_dr2
155211640681491344,164.06815774931,39.34222470407,13.31,II/389/ps1_dr2
155211640289147503,164.02891842272,39.34738097467,14.1897,II/389/ps1_dr2
155311640064397710,164.00639238713,39.43084747506,13.387,II/389/ps1_dr2
155291640585071442,164.0586156,39.4089824,12.038,II/389/ps1_dr2
155331641100149854,164.11001772228,39.44933034709,14.4927,II/389/ps1_dr2
155331638445989550,163.84458675422,39.44908572137,12.684,II/389/ps1_dr2
155511640418173554,164.04179871373,39.59405382278,14.8986,II/389/ps1_dr2
155481641303891573,164.13037610633,39.56742196553,14.8714,II/389/ps1_dr2
155531641225795101,164.12257149517,39.61205147813,13.7605,II/389/ps1_dr2
155661641855392423,164.18562476021,39.71813244396,13.041,II/389/ps1_dr2
155681642295787464,164.2295425,39.73908941,8.3947,II/389/ps1_dr2
155771641943022124,164.19429991,39.80952294,12.9496,II/389/ps1_dr2
155771641912154905,164.19109728,39.81185875,9.7899,II/389/ps1_dr2
155771641906124454,164.19084984,39.81133327,7.7127,II/389/ps1_dr2
155401645768425794,164.57652042,39.50432455,14.3822,II/389/ps1_dr2
155511645589706782,164.55901455113,39.59676535065,13.4434,II/389/ps1_dr2
155521646285742478,164.62863843743,39.60151228399,14.4094,II/389/ps1_dr2
155541646600551362,164.66012474017,39.61726048173,12.77,II/389/ps1_dr2
155601646817221768,164.68157537,39.66758949,11.5288,II/389/ps1_dr2
155601646820821696,164.6819658,39.66757209,11.151,II/389/ps1_dr2
155601646828270772,164.68285335696,39.66680088431,14.4099,II/389/ps1_dr2
155611645616160225,164.56163033238,39.67465067706,14.5995,II/389/ps1_dr2
155561644393645952,164.43930806865,39.63776024261,14.2834,II/389/ps1_dr2
155571645037943862,164.50381123037,39.64434615248,14.9407,II/389/ps1_dr2
155631645436192637,164.54363442416,39.69333487057,14.4928,II/389/ps1_dr2
155761645070245258,164.50701208387,39.80386267798,13.321,II/389/ps1_dr2
155721647551191568,164.75516023706,39.76745484434,14.9986,II/389/ps1_dr2
155651646494802971,164.6495294643,39.71029528476,14.8528,II/389/ps1_dr2
155711646998572917,164.69984928409,39.76023632633,14.4281,II/389/ps1_dr2
155831648305157041,164.83063774444,39.86375320856,13.6227,II/389/ps1_dr2
155801646235576295,164.62360642325,39.83805903776,14.7341,II/389/ps1_dr2
155891647341416410,164.73409674581,39.91315507962,13.8272,II/389/ps1_dr2
155631643263643182,164.32642526849,39.69379183035,13.9416,II/389/ps1_dr2
155711643552641167,164.3552466746,39.7587641401,14.8635,II/389/ps1_dr2
155821644349630663,164.43495246636,39.85003184237,14.7692,II/389/ps1_dr2
155781642831003023,164.28309796913,39.8186497003,14.6182,II/389/ps1_dr2
155771643163507082,164.3163451673,39.81369848807,14.5948,II/389/ps1_dr2
155861643547422001,164.35473127945,39.88446422834,13.6728,II/389/ps1_dr2
155941645265668593,164.52635791,39.95676702,11.8331,II/389/ps1_dr2
155941645261658748,164.52649756,39.95661829,11.213,II/389/ps1_dr2
155981644033161057,164.40332612418,39.98367232739,14.7627,II/389/ps1_dr2
155021634662345547,163.46594009,39.18752784,10.7285,II/389/ps1_dr2
155021634665944976,163.46648708,39.18683322,12.622,II/389/ps1_dr2
155021634672105897,163.4671373,39.18789604,14.4394,II/389/ps1_dr2
155021634666565336,163.46637374,39.18730664,10.9389,II/389/ps1_dr2
155091634816542672,163.48165583171,39.24339270299,14.91,II/389/ps1_dr2
155171635562549827,163.55624790637,39.31598268485,13.9675,II/389/ps1_dr2
155071634413430481,163.44131134601,39.22489446744,13.6814,II/389/ps1_dr2
155091634219233428,163.42197969214,39.24400091248,13.024,II/389/ps1_dr2
155121634340355687,163.43399732495,39.27086061364,14.2405,II/389/ps1_dr2
155151634337033577,163.43366152372,39.29410094765,13.6954,II/389/ps1_dr2
155271636719318297,163.67188928544,39.39805120736,14.768,II/389/ps1_dr2
155321635629301286,163.56295315127,39.43375094986,13.38,II/389/ps1_dr2
155321635632130788,163.56309714489,39.43381689018,13.0673,II/389/ps1_dr2
155341635849774457,163.58497825713,39.45317343385,14.0049,II/389/ps1_dr2
155331634926561603,163.49265005898,39.44246537842,14.7501,II/389/ps1_dr2
155431635698512208,163.56984205915,39.52627506769,14.6097,II/389/ps1_dr2
155401636396050897,163.63981893,39.50009904,13.9042,II/389/ps1_dr2
155401636398741133,163.6398501083,39.50040889901,12.142,II/389/ps1_dr2
155521636730025084,163.67298630267,39.60371092725,12.159,II/389/ps1_dr2
155341634283086504,163.42838214917,39.45476034035,13.038,II/389/ps1_dr2
155461633336010357,163.33356571919,39.54973299774,14.44,II/389/ps1_dr2
155451633164750525,163.31641769323,39.5415335351,14.2937,II/389/ps1_dr2
155351634802915309,163.48031883,39.46220577,11.217,II/389/ps1_dr2
155421635132871289,163.51335072,39.51718869,12.7586,II/389/ps1_dr2
155421635137710849,163.51369991,39.51680635,10.5766,II/389/ps1_dr2
155421635141390851,163.51488124,39.5169427,10.4067,II/389/ps1_dr2
155421635145730636,163.51480998,39.51666035,12.7869,II/389/ps1_dr2
155421634311987528,163.43119971374,39.52237369706,13.6099,II/389/ps1_dr2
155431634375444877,163.4375372275,39.52850541782,14.7045,II/389/ps1_dr2
155551635109616118,163.51091754692,39.62945858708,13.6441,II/389/ps1_dr2
155621635784687805,163.57848728124,39.68926995312,13.871,II/389/ps1_dr2
155611633699543436,163.36989127,39.67724313,10.602,II/389/ps1_dr2
155701634069880111,163.40695911773,39.74953561077,13.8666,II/389/ps1_dr2
155571632978771987,163.29778866565,39.64274954915,13.9995,II/389/ps1_dr2
155641632418996896,163.24179664,39.7051862,13.1084,II/389/ps1_dr2
155641632420766565,163.24191120077,39.70498896081,12.347,II/389/ps1_dr2
155631632757881140,163.27576901385,39.69210490607,13.399,II/389/ps1_dr2
155661632426736778,163.24257415027,39.72180650222,13.255,II/389/ps1_dr2
155671632890149593,163.28897347252,39.73246794783,13.8072,II/389/ps1_dr2
155711632503689330,163.25033019286,39.76558821904,14.2493,II/389/ps1_dr2
155781634075187936,163.40747558021,39.82273052961,14.9614,II/389/ps1_dr2
155771633260125822,163.32605056665,39.81263144455,13.147,II/389/ps1_dr2
155881633791525785,163.37912338821,39.90426555071,13.9026,II/389/ps1_dr2
155761631777729089,163.17776825339,39.80703917899,13.6446,II/389/ps1_dr2
155891631964673534,163.19645573879,39.91072144107,14.0185,II/389/ps1_dr2
155871633032594366,163.30320949003,39.89476039554,13.6204,II/389/ps1_dr2
155891633524144632,163.35236258391,39.91163968296,13.442,II/389/ps1_dr2
155951631845360500,163.18456453077,39.95837074021,12.326,II/389/ps1_dr2
156011631311892542,163.13120287739,40.00990868011,14.1023,II/389/ps1_dr2
156111632404936230,163.24053109666,40.09629803062,13.309,II/389/ps1_dr2
156081631820855722,163.18210275,40.07088356,12.9201,II/389/ps1_dr2
156081631823655940,163.18243667,40.07105098,11.527,II/389/ps1_dr2
156061631353672482,163.13539476102,40.05152379472,14.4555,II/389/ps1_dr2
156201631758784873,163.1758338,40.17013435,14.2083,II/389/ps1_dr2
155581637667846140,163.7667722984,39.65458287311,14.5669,II/389/ps1_dr2
155671638400759965,163.84008337497,39.73276665538,13.6209,II/389/ps1_dr2
155661638480404320,163.84804691983,39.71973194605,13.7221,II/389/ps1_dr2
155691637753668427,163.77554632,39.74801304,10.9632,II/389/ps1_dr2
155691637755158119,163.77594744,39.74795699,11.192,II/389/ps1_dr2
155691637752127889,163.7753899,39.74769637,13.4208,II/389/ps1_dr2
155731637974618614,163.79747874041,39.78162973911,14.6382,II/389/ps1_dr2
155661640035740755,164.00356517971,39.71675188277,14.4779,II/389/ps1_dr2
155741640045351312,164.00452634915,39.78392404016,11.972,II/389/ps1_dr2
155721640274566229,164.02748830032,39.77130911094,14.9812,II/389/ps1_dr2
155791640030242923,164.00306641118,39.82688151789,14.3501,II/389/ps1_dr2
155731640768655883,164.07687252019,39.77935145635,14.8736,II/389/ps1_dr2
155781639554904542,163.95552402342,39.81990271268,14.6193,II/389/ps1_dr2
155811639709198912,163.9709581916,39.84853899607,14.7765,II/389/ps1_dr2
155871639216812123,163.92170693116,39.89288923106,14.8028,II/389/ps1_dr2
155961640006349957,164.00065505838,39.97440692283,14.6957,II/389/ps1_dr2
156021639929512063,163.99276276842,40.01789665996,13.1537,II/389/ps1_dr2
155681636446754582,163.64472081167,39.73659965539,13.9208,II/389/ps1_dr2
155731636729841406,163.67300687334,39.77563556076,14.9667,II/389/ps1_dr2
155781636545310419,163.6545604505,39.81648199449,14.7705,II/389/ps1_dr2
155741637427779034,163.7427408,39.79046724,8.3068,II/389/ps1_dr2
155741637424629397,163.74269696,39.79056194,8.34,II/389/ps1_dr2
155921637144843539,163.7145130399,39.93576004025,13.7134,II/389/ps1_dr2
155931636552403023,163.65527381587,39.9436501585,14.296,II/389/ps1_dr2
155841638344451504,163.83452022,39.86741724,12.112,II/389/ps1_dr2
155931637554622295,163.75548812143,39.94304854758,14.1362,II/389/ps1_dr2
156041638665346467,163.86653481384,40.03819715808,14.8297,II/389/ps1_dr2
156131637635827956,163.7635783154,40.11441789736,13.9755,II/389/ps1_dr2
155921642205819735,164.22068198868,39.94088017003,13.494,II/389/ps1_dr2
155931642207470190,164.22065771,39.94125371,14.4069,II/389/ps1_dr2
155941641685924421,164.16858374655,39.9531417215,14.7147,II/389/ps1_dr2
155961642030186906,164.20251915,39.97168229,10.6326,II/389/ps1_dr2
155961642031037286,164.20322311,39.97221309,10.395,II/389/ps1_dr2
155971642541994550,164.25421998411,39.97824252196,14.4219,II/389/ps1_dr2
155981643152189086,164.31532576895,39.99033593132,13.059,II/389/ps1_dr2
156101642600410541,164.26006040777,40.08324842096,13.761,II/389/ps1_dr2
156071640880631621,164.0880869779,40.05910771035,13.6489,II/389/ps1_dr2
156091641547427314,164.15477487562,40.08043954209,12.456,II/389/ps1_dr2
156111643798233598,164.37978501625,40.09412992185,14.159,II/389/ps1_dr2
156191644045717222,164.40457549777,40.16378873524,13.13,II/389/ps1_dr2
156161642950803873,164.29503794041,40.135997642,14.684,II/389/ps1_dr2
156181643604611582,164.3605684484,40.15073721761,13.159,II/389/ps1_dr2
156231643424368940,164.3425112492,40.19854350291,12.963,II/389/ps1_dr2
156301644668133085,164.46680258,40.25209982,10.592,II/389/ps1_dr2
156321644615509020,164.46156592963,40.27364258455,14.3354,II/389/ps1_dr2
156251642981946107,164.29818427902,40.21285826093,14.0556,II/389/ps1_dr2
156261643216725598,164.3216827,40.22073131,12.6047,II/389/ps1_dr2
156261643216936042,164.32170265,40.2211048,11.42,II/389/ps1_dr2
156261643214736472,164.32152989,40.22155249,13.9498,II/389/ps1_dr2
156431643771242635,164.3771524937,40.36001652992,13.68,II/389/ps1_dr2
156431643788932499,164.37881464181,40.35989855469,13.3688,II/389/ps1_dr2
156101639899499791,163.99009562904,40.0909090562,13.7286,II/389/ps1_dr2
156171640530565682,164.05310003376,40.14586394038,13.38,II/389/ps1_dr2
156181640900903195,164.09008814411,40.1520906512,14.7783,II/389/ps1_dr2
156241641207161405,164.12086234,40.20046385,13.4714,II/389/ps1_dr2
156241641212111299,164.12139369,40.20039439,12.086,II/389/ps1_dr2
156301641194034250,164.11940774,40.25301706,11.1578,II/389/ps1_dr2
156301641200094307,164.11967812,40.25292495,11.0582,II/389/ps1_dr2
156301641201215004,164.1199995,40.2534515,14.5429,II/389/ps1_dr2
156301641204304673,164.12041763,40.25349327,14.5787,II/389/ps1_dr2
156301641198534685,164.11974364,40.25324769,10.956,II/389/ps1_dr2
156281640747236952,164.07476027,40.23860889,13.2356,II/389/ps1_dr2
156281640748207336,164.07490434,40.23897739,11.267,II/389/ps1_dr2
156281640751357523,164.07506051,40.23900228,11.458,II/389/ps1_dr2
156241639240114539,163.92403740459,40.20327486723,12.399,II/389/ps1_dr2
156471643147996329,164.31483482326,40.39640688153,13.031,II/389/ps1_dr2
156501643083393098,164.30840322341,40.41869206901,13.085,II/389/ps1_dr2
156511642783824208,164.2782533,40.42794652,11.602,II/389/ps1_dr2
156511642785344512,164.27845909,40.42820365,11.9359,II/389/ps1_dr2
156521643116805145,164.31167712017,40.43709873275,13.685,II/389/ps1_dr2
156531641179654795,164.11796755235,40.44508545263,12.894,II/389/ps1_dr2
156591641968049051,164.19672656476,40.49869516681,13.02,II/389/ps1_dr2
156611642235733263,164.22315594,40.51065364,10.9549,II/389/ps1_dr2
155931635529513227,163.55297378722,39.9437963261,14.3874,II/389/ps1_dr2
155961634525399986,163.45253589325,39.97444480107,14.5488,II/389/ps1_dr2
155941635690692064,163.56917091493,39.95115373575,12.788,II/389/ps1_dr2
156041635622981022,163.56230510856,40.0336283847,14.0268,II/389/ps1_dr2
155981633842640017,163.38436374541,39.98272959227,13.18,II/389/ps1_dr2
156051634593328952,163.45931738505,40.04856470299,14.7121,II/389/ps1_dr2
156081633795922790,163.37959354486,40.06843550045,14.3145,II/389/ps1_dr2
156131634472183540,163.44721615315,40.11073099503,14.5544,II/389/ps1_dr2
156171634582885886,163.45830084055,40.14600710238,13.5725,II/389/ps1_dr2
156181634684795051,163.46847712561,40.15363283495,14.7413,II/389/ps1_dr2
156141636650690966,163.66492236,40.11672438,11.6968,II/389/ps1_dr2
156141636656330631,163.66600681,40.11653344,10.135,II/389/ps1_dr2
156141636655910978,163.66579872,40.11703829,10.2241,II/389/ps1_dr2
156091636082199378,163.60822070858,40.08222285556,12.244,II/389/ps1_dr2
156171637368435532,163.73686302875,40.14572405243,14.5456,II/389/ps1_dr2
156261637623700859,163.76238139363,40.21683615761,14.1898,II/389/ps1_dr2
156311637855349570,163.78564018567,40.26573172468,14.4,II/389/ps1_dr2
156311637857819962,163.78578296723,40.26606190167,13.222,II/389/ps1_dr2
156271637320456409,163.7320960534,40.22976731036,14.5909,II/389/ps1_dr2
156361635836750348,163.58366980561,40.29971777975,13.9543,II/389/ps1_dr2
156411636382656392,163.63820629056,40.34642507842,13.7759,II/389/ps1_dr2
156151633725229037,163.37251469992,40.13197882653,14.4538,II/389/ps1_dr2
156141633233338746,163.32334259354,40.12339524597,14.7719,II/389/ps1_dr2
156261632968828309,163.29683654866,40.22301883686,14.503,II/389/ps1_dr2
156201631762336198,163.17631411,40.17124811,8.2304,II/389/ps1_dr2
156201631767686771,163.17688031,40.17179253,12.6312,II/389/ps1_dr2
156201631772175761,163.17706729,40.1708186,8.3754,II/389/ps1_dr2
156201631773194817,163.17749633,40.17016516,13.1017,II/389/ps1_dr2
156201631777306026,163.17794913,40.17115116,6.8559,II/389/ps1_dr2
156201632001873251,163.20022602964,40.16881408814,14.7033,II/389/ps1_dr2
156281632685774430,163.2685768067,40.23648427166,14.2486,II/389/ps1_dr2
156281632641024950,163.26409353611,40.23691697607,14.8989,II/389/ps1_dr2
156301632761912686,163.27619394873,40.25169437146,13.435,II/389/ps1_dr2
156271632023590454,163.20237504233,40.2248231657,14.3234,II/389/ps1_dr2
156271631634613404,163.16344828286,40.2272426756,14.0333,II/389/ps1_dr2
156301632318259687,163.23166725,40.25751635,14.01,II/389/ps1_dr2
156301632322019685,163.23216967908,40.25754070342,12.864,II/389/ps1_dr2
156411632899037036,163.28990471493,40.34698756554,14.2723,II/389/ps1_dr2
156401634385445289,163.43853958599,40.33719180137,13.281,II/389/ps1_dr2
156451634754439614,163.47543641107,40.38247117338,14.8895,II/389/ps1_dr2
156531635016417598,163.50161639877,40.44746590683,14.7264,II/389/ps1_dr2
156541635925937510,163.59258775859,40.45569226915,13.484,II/389/ps1_dr2
156491633614418537,163.36144929989,40.41492954093,14.765,II/389/ps1_dr2
156671634338351046,163.43378872138,40.55865924274,14.8249,II/389/ps1_dr2
156301638273132223,163.82750112985,40.25131379889,13.5947,II/389/ps1_dr2
156301638378171754,163.837734646,40.25090831552,13.7858,II/389/ps1_dr2
156411637982659262,163.79825434882,40.34879288396,13.4095,II/389/ps1_dr2
156411638334509827,163.83341883168,40.34926788077,14.6252,II/389/ps1_dr2
156471638366276235,163.83660180116,40.39627088209,12.43,II/389/ps1_dr2
156471639295926027,163.92951287151,40.396135739,14.3928,II/389/ps1_dr2
156441637764976049,163.77647009,40.37111743,11.434,II/389/ps1_dr2
156471637841910577,163.78416799456,40.39155071093,13.8901,II/389/ps1_dr2
156641638645326432,163.86452003172,40.53812620197,14.4071,II/389/ps1_dr2
156601637809976895,163.78096128049,40.50515493909,14.0024,II/389/ps1_dr2
156631637472245893,163.74717377047,40.52931849463,14.1022,II/389/ps1_dr2
156611637510406535,163.75100455597,40.5131950885,14.5103,II/389/ps1_dr2
156641638175307244,163.81776151,40.53897689,11.9197,II/389/ps1_dr2
156641638179457271,163.817984,40.538795,10.503,II/389/ps1_dr2
156641638182867021,163.81845166,40.53873908,12.2937,II/389/ps1_dr2
156551639880978936,163.98807238067,40.46523431444,14.7858,II/389/ps1_dr2
156891640297190910,164.02967226,40.74179742,11.588,II/389/ps1_dr2
156891639862055600,163.98618637253,40.74571841942,14.5616,II/389/ps1_dr2
156941639797030573,163.97969865,40.78319228,11.1837,II/389/ps1_dr2
156641636658738155,163.66597192533,40.53953641435,12.809,II/389/ps1_dr2
156701636789349333,163.67884984885,40.59052741195,12.536,II/389/ps1_dr2
156751635170008264,163.51675039,40.63144819,10.253,II/389/ps1_dr2
156751635174767819,163.51747746,40.63070019,14.1049,II/389/ps1_dr2
156751635167798584,163.51677786,40.63142146,10.4064,II/389/ps1_dr2
156751635649507612,163.56486434711,40.63078879294,14.8112,II/389/ps1_dr2
156801636762570594,163.67600498,40.66665463,10.9129,II/389/ps1_dr2
156801636763341142,163.676126,40.6669098,11.7142,II/389/ps1_dr2
156801636765820782,163.67640786,40.66674945,10.93,II/389/ps1_dr2
156881636161086426,163.61606984115,40.73805033884,13.5287,II/389/ps1_dr2
156821638033368618,163.80321549726,40.6899551046,13.366,II/389/ps1_dr2
156851638782781614,163.87824885927,40.70911298857,14.7737,II/389/ps1_dr2
156921637559300748,163.75586860569,40.76665559619,13.8325,II/389/ps1_dr2
157021637337655362,163.73371758739,40.85385678954,14.5886,II/389/ps1_dr2
157021638547379507,163.85471124979,40.85735013206,14.2614,II/389/ps1_dr2
157171638474198153,163.84732523731,40.98116612086,13.6516,II/389/ps1_dr2
157191638391979223,163.839118201,40.99874626182,13.3757,II/389/ps1_dr2
156301629949763516,162.99500193462,40.25232608576,14.5801,II/389/ps1_dr2
156331629715658989,162.9715529738,40.28194618879,14.0706,II/389/ps1_dr2
156351629837968687,162.98377007764,40.29834434815,13.6702,II/389/ps1_dr2
156361629830601164,162.9830686721,40.30040660948,14.956,II/389/ps1_dr2
156281631217354904,163.12166453394,40.23684367295,13.3917,II/389/ps1_dr2
156411631552167864,163.15517032937,40.3476837148,12.545,II/389/ps1_dr2
156391630414910082,163.04146192823,40.32449572473,13.4201,II/389/ps1_dr2
156401630673060974,163.06731657599,40.33358421575,14.5097,II/389/ps1_dr2
156421631390793192,163.13910542867,40.35208169011,12.965,II/389/ps1_dr2
156461632431684745,163.24315941743,40.38674662819,13.6811,II/389/ps1_dr2
156481632798638033,163.27988155963,40.40616637667,13.4807,II/389/ps1_dr2
156471630886501363,163.08864927,40.39252316,10.5499,II/389/ps1_dr2
156471630886531001,163.08855018,40.39196375,10.319,II/389/ps1_dr2
156471630890231052,163.08907225,40.39172077,10.5379,II/389/ps1_dr2
156561630317477480,163.03177736346,40.47231215336,13.383,II/389/ps1_dr2
156661631736033209,163.17364795875,40.55212754972,14.5381,II/389/ps1_dr2
156661630780098728,163.07802349515,40.55667529098,12.6562,II/389/ps1_dr2
156611633415857049,163.34158739089,40.51366600566,14.3924,II/389/ps1_dr2
156641632328597211,163.23292011,40.53869626,11.939,II/389/ps1_dr2
156701633240931326,163.32410678361,40.58388908901,14.5067,II/389/ps1_dr2
156711633052774907,163.30530180256,40.59523585038,12.248,II/389/ps1_dr2
156751633992281347,163.39923948602,40.62555208934,14.9053,II/389/ps1_dr2
156771633683204206,163.36830211,40.64459451,14.7564,II/389/ps1_dr2
156771633693593800,163.36924796,40.64446207,10.937,II/389/ps1_dr2
156681632047642185,163.20475133278,40.56790813717,14.1531,II/389/ps1_dr2
156771631741890899,163.17431838,40.64167501,12.7235,II/389/ps1_dr2
156771631742790357,163.17427752,40.64147944,12.9598,II/389/ps1_dr2
156771631748100611,163.17471101,40.64158575,10.805,II/389/ps1_dr2
156841632902814543,163.29033671,40.70324167,11.836,II/389/ps1_dr2
156911632560181473,163.25598844609,40.7589654099,14.389,II/389/ps1_dr2
156591629873522905,162.98737858483,40.49349453505,13.324,II/389/ps1_dr2
156621629977973352,162.99789576281,40.51888761529,14.5569,II/389/ps1_dr2
156761630978119443,163.09784716763,40.64056819322,12.887,II/389/ps1_dr2
156811630425642880,163.04266027035,40.67671820672,12.4812,II/389/ps1_dr2
156821629646506273,162.96471634,40.68820982,10.9535,II/389/ps1_dr2
156821629649196674,162.96473375,40.68834989,9.1753,II/389/ps1_dr2
156821630719588382,163.07193905805,40.68969996386,14.3507,II/389/ps1_dr2
156911632323975484,163.23231296,40.76277776,12.5036,II/389/ps1_dr2
156911632324075106,163.23240248,40.76201535,11.47,II/389/ps1_dr2
156911632324224552,163.23251622,40.76138433,13.8348,II/389/ps1_dr2
156921630493771172,163.04955646,40.76684111,13.8346,II/389/ps1_dr2
156921630499701121,163.04994563,40.76698848,11.954,II/389/ps1_dr2
156751634691918343,163.46912941131,40.63141941094,14.7455,II/389/ps1_dr2
156821634484970833,163.44843601252,40.68348601016,14.3282,II/389/ps1_dr2
156831635061444098,163.50606803673,40.6945346939,13.9407,II/389/ps1_dr2
156851634249227605,163.42492932031,40.7140905119,14.0928,II/389/ps1_dr2
156941635193136858,163.51926616214,40.78846997445,14.4738,II/389/ps1_dr2
157001634989336232,163.49883674995,40.83797178931,14.2886,II/389/ps1_dr2
156981635655865443,163.56556496432,40.8205449685,12.616,II/389/ps1_dr2
156981635656555066,163.56565212,40.82026427,13.8557,II/389/ps1_dr2
156901633738640826,163.37384547044,40.75014198817,14.4995,II/389/ps1_dr2
156991636495627348,163.64955096,40.83047856,11.0718,II/389/ps1_dr2
156991636499997030,163.64975857,40.83039816,10.628,II/389/ps1_dr2
156991636497856755,163.64983358,40.82998807,12.336,II/389/ps1_dr2
157111636415391956,163.64150551443,40.92608147967,14.0507,II/389/ps1_dr2
157191637381301802,163.73808961861,40.99255259314,13.73,II/389/ps1_dr2
157181636999259473,163.69980723899,40.99058719997,14.5901,II/389/ps1_dr2
157031632983110454,163.29827304376,40.85816010459,14.6116,II/389/ps1_dr2
157121633974758789,163.39733128,40.94000936,11.144,II/389/ps1_dr2
156881627716552687,162.77158751184,40.73500754272,13.3669,II/389/ps1_dr2
154431659341182791,165.93407601677,38.69342839461,14.879,II/389/ps1_dr2
154541659546880807,165.95468659,38.78343324,12.486,II/389/ps1_dr2
154541659629278455,165.9630583553,38.78979628049,13.302,II/389/ps1_dr2
154521659711223418,165.97106818457,38.76897108452,14.6499,II/389/ps1_dr2
154611660836915645,166.0836059194,38.84587574944,14.5966,II/389/ps1_dr2
154641660760123759,166.07597552,38.86928075,12.6712,II/389/ps1_dr2
154641660761072332,166.07588862,38.86794026,7.9946,II/389/ps1_dr2
154641660767411744,166.07670664,38.86748159,13.2505,II/389/ps1_dr2
154641660769813226,166.07688854,38.86863322,8.9031,II/389/ps1_dr2
154651660307700063,166.03079008165,38.87452547357,12.906,II/389/ps1_dr2
154721660224395025,166.02252028645,38.93705541264,13.347,II/389/ps1_dr2
154581658710375925,165.87102864178,38.82103443416,14.5601,II/389/ps1_dr2
154681659553150459,165.9553007827,38.89985194936,14.0545,II/389/ps1_dr2
154751659717643304,165.97203529,38.96036432,13.572,II/389/ps1_dr2
154751659705543948,165.97071125,38.96088973,8.43,II/389/ps1_dr2
154751659713523626,165.97126855,38.96092651,8.2722,II/389/ps1_dr2
154751659699064513,165.97017956,38.96156592,6.2607,II/389/ps1_dr2
154861659506840119,165.95086735,39.04947531,11.2336,II/389/ps1_dr2
154861659511610179,165.951002,39.049534,10.899,II/389/ps1_dr2
154851659505869765,165.95021515,39.04908246,14.0618,II/389/ps1_dr2
154741661773752061,166.17750267,38.95130309,13.0779,II/389/ps1_dr2
154741661804883356,166.18031753,38.95219486,9.383,II/389/ps1_dr2
154741661807852421,166.18068876,38.95147785,13.5505,II/389/ps1_dr2
154741661800363454,166.18022468,38.9523316,9.52,II/389/ps1_dr2
154781661962584445,166.19623555605,38.98648271544,14.0967,II/389/ps1_dr2
154791661938153338,166.19381807178,38.99388045245,13.6664,II/389/ps1_dr2
154811659893663382,165.98930840461,39.01059939212,14.7163,II/389/ps1_dr2
154861660697774184,166.06969609866,39.05295834461,13.4786,II/389/ps1_dr2
154871660446322172,166.04457803791,39.05961555477,13.484,II/389/ps1_dr2
154921660631971245,166.06308229,39.10007525,12.0506,II/389/ps1_dr2
154921660634060921,166.06362216,39.10022852,11.1781,II/389/ps1_dr2
154921660635891320,166.06341591,39.10047109,10.553,II/389/ps1_dr2
154921660585127241,166.05846123805,39.10551272233,14.5341,II/389/ps1_dr2
155021660976324354,166.09758679929,39.18643976516,13.4131,II/389/ps1_dr2
155071661300194537,166.12997368903,39.22825644811,14.5981,II/389/ps1_dr2
154841658327003735,165.8326916887,39.03589286365,14.5949,II/389/ps1_dr2
154851658936019794,165.89357183332,39.04924962065,14.9195,II/389/ps1_dr2
154991657698968905,165.76987101844,39.16514061737,13.7356,II/389/ps1_dr2
154961659058921822,165.90585079495,39.13424245595,13.9437,II/389/ps1_dr2
155081660571511182,166.05677317,39.23384589,11.161,II/389/ps1_dr2
155081660575941211,166.05738247,39.23383298,11.5113,II/389/ps1_dr2
155081660569410852,166.05707106,39.23366431,13.1253,II/389/ps1_dr2
155141660682832998,166.06821830126,39.28526181653,14.0401,II/389/ps1_dr2
155121658802884451,165.88023547816,39.26978465539,14.5987,II/389/ps1_dr2
155101658553236755,165.85532996498,39.25505491321,13.39,II/389/ps1_dr2
155261659664373223,165.96633922963,39.38541095972,14.002,II/389/ps1_dr2
155021663850888082,166.38503340331,39.18950108451,14.5102,II/389/ps1_dr2
155111664438300153,166.44386514066,39.25781604911,13.338,II/389/ps1_dr2
155141663442074342,166.34416372327,39.28639586709,14.8631,II/389/ps1_dr2
155071662243288206,166.22428555615,39.23130525102,14.3733,II/389/ps1_dr2
155141661983922911,166.19834553674,39.28522119069,13.9095,II/389/ps1_dr2
155191664516572130,166.45169878,39.3261058,12.2859,II/389/ps1_dr2
155191664518902704,166.45188107,39.32680146,13.3754,II/389/ps1_dr2
155191664522322524,166.45245455,39.3266015,11.149,II/389/ps1_dr2
155191664524302243,166.45258501,39.32628405,11.7247,II/389/ps1_dr2
155311665613875294,166.56143743586,39.42872726331,13.286,II/389/ps1_dr2
155341665583878307,166.55826722487,39.45641421187,14.1639,II/389/ps1_dr2
155341665196655009,166.51967150052,39.45353741754,13.097,II/389/ps1_dr2
155261663881098805,166.38808208948,39.39007149266,14.4155,II/389/ps1_dr2
155311663695913551,166.36958545,39.42742339,12.8461,II/389/ps1_dr2
155311663699963262,166.37004825,39.42712085,10.63,II/389/ps1_dr2
155311663703363386,166.37063554,39.42694557,10.8625,II/389/ps1_dr2
155311663704023021,166.37044994,39.42667324,12.4775,II/389/ps1_dr2
155411664958646334,166.49587830115,39.51299288465,14.7281,II/389/ps1_dr2
155381664455034336,166.44548091776,39.48636058969,14.6748,II/389/ps1_dr2
155461664117666701,166.41184214522,39.55496554809,12.088,II/389/ps1_dr2
155461664119506381,166.41184183074,39.5549644101,12.1471,II/389/ps1_dr2
155111661139408798,166.11384252771,39.26516799758,13.6816,II/389/ps1_dr2
155161661031887709,166.10307641,39.30579726,12.2583,II/389/ps1_dr2
155161661034667945,166.103376,39.30603,11.092,II/389/ps1_dr2
155161661035437398,166.10329567,39.30580258,12.4622,II/389/ps1_dr2
155481660626982539,166.06265783274,39.56813380881,13.137,II/389/ps1_dr2
155351662822572877,166.28232312858,39.46007228058,13.173,II/389/ps1_dr2
155591663538688268,166.35388294,39.66462753,11.736,II/389/ps1_dr2
155611663495924260,166.34957490746,39.67795012197,13.1722,II/389/ps1_dr2
155621662982865747,166.29814986,39.6875245,11.475,II/389/ps1_dr2
155681663016552869,166.30159781649,39.73517540795,14.0103,II/389/ps1_dr2
154931655697787852,165.56986914,39.11420854,11.201,II/389/ps1_dr2
154961656080766879,165.60804542021,39.13850413529,13.7552,II/389/ps1_dr2
155091655785137364,165.57845808529,39.2472706381,14.9242,II/389/ps1_dr2
155091656991218309,165.69906326345,39.24801962792,14.5974,II/389/ps1_dr2
155101656552731296,165.655375,39.25058,11.843,II/389/ps1_dr2
155101656558561323,165.65536959,39.25052588,11.9882,II/389/ps1_dr2
155191655472236074,165.54717457842,39.32953809938,13.4769,II/389/ps1_dr2
155191655525959357,165.55252722971,39.33227803013,13.673,II/389/ps1_dr2
155221655536837447,165.55360184358,39.35568731499,14.3411,II/389/ps1_dr2
155211657828518013,165.78282095636,39.34777087488,13.8618,II/389/ps1_dr2
155251657896074022,165.78953119547,39.37779751931,13.5381,II/389/ps1_dr2
155231657565527315,165.75647897814,39.36387627164,14.6724,II/389/ps1_dr2
155421658413973608,165.84129004145,39.51907497034,12.652,II/389/ps1_dr2
155311656367024745,165.63659869867,39.42841560343,14.8099,II/389/ps1_dr2
155361656443066605,165.64421198835,39.47164969238,14.4443,II/389/ps1_dr2
155501657962113019,165.79611806,39.58523719,11.906,II/389/ps1_dr2
155471657070010256,165.70688188787,39.55795703166,13.6697,II/389/ps1_dr2
155541657486018902,165.74848509205,39.623498295,14.4186,II/389/ps1_dr2
155111654059187363,165.40590253348,39.26394706831,12.739,II/389/ps1_dr2
155281654233873722,165.42335782855,39.40259077411,14.9568,II/389/ps1_dr2
155291654647968873,165.46476267868,39.41520653893,14.2085,II/389/ps1_dr2
155351654267930088,165.42676748766,39.45787611447,13.6741,II/389/ps1_dr2
155421654072308489,165.4071747936,39.52312895834,14.694,II/389/ps1_dr2
155511653750198886,165.37500356896,39.59853126938,14.7335,II/389/ps1_dr2
155511655870479787,165.58702498586,39.59924365566,14.0519,II/389/ps1_dr2
155571657046430374,165.70459070587,39.64141843982,12.859,II/389/ps1_dr2
155651656966464860,165.69657664677,39.71180011358,13.8296,II/389/ps1_dr2
155541654520987791,165.45206065705,39.62257958593,14.739,II/389/ps1_dr2
155611654785712505,165.47852877678,39.67652569156,14.2191,II/389/ps1_dr2
155671655025690022,165.50252285109,39.72444375275,13.9259,II/389/ps1_dr2
155451659844027871,165.98431768553,39.54764164612,14.9899,II/389/ps1_dr2
155561660179843957,166.01791043849,39.63608668183,14.6864,II/389/ps1_dr2
155581660850247545,166.08493668185,39.65566396283,12.68,II/389/ps1_dr2
155581659699518433,165.96983960645,39.6564234434,13.5947,II/389/ps1_dr2
155621659617629146,165.96165069302,39.69035900382,13.8678,II/389/ps1_dr2
155671659246650223,165.92457188448,39.72458925436,14.2256,II/389/ps1_dr2
155671659243248885,165.92421708559,39.73181236179,14.6008,II/389/ps1_dr2
155811661958762870,166.19578667273,39.84344258565,13.4647,II/389/ps1_dr2
155881661941812841,166.19414120849,39.90178714275,13.9861,II/389/ps1_dr2
155831658928771628,165.89280775339,39.8591227229,14.2883,II/389/ps1_dr2
155851658477526481,165.84771603562,39.87976869168,13.402,II/389/ps1_dr2
155781657265878050,165.72653355555,39.82281751815,14.5383,II/389/ps1_dr2
155781656425955267,165.64255648577,39.8204879443,14.9776,II/389/ps1_dr2
155851656423550248,165.64248839298,39.87448999463,12.27,II/389/ps1_dr2
155841656426629854,165.64248056,39.874569,14.5189,II/389/ps1_dr2
155891658178490553,165.81774266547,39.90822456788,13.7867,II/389/ps1_dr2
155881657258763067,165.72576366022,39.90196417696,14.9735,II/389/ps1_dr2
155951657736897652,165.77362248272,39.96415856183,13.6152,II/389/ps1_dr2
155891659300154097,165.92996425168,39.91119255947,14.8753,II/389/ps1_dr2
155931659145502958,165.91451194165,39.94358990877,14.0666,II/389/ps1_dr2
156101659879391503,165.98790118301,40.0839927886,12.814,II/389/ps1_dr2
155451667105437358,166.71050055362,39.54726912403,14.7299,II/389/ps1_dr2
155661665647984126,166.56470154263,39.7195705758,14.6948,II/389/ps1_dr2
155711668992239074,166.89919481909,39.7653729471,14.9196,II/389/ps1_dr2
155781669680726167,166.96806289361,39.82128287116,14.4754,II/389/ps1_dr2
155831669311898895,166.93119518429,39.86522849885,14.7098,II/389/ps1_dr2
155811669002115259,166.90021657116,39.84552610452,13.509,II/389/ps1_dr2
155801667885242711,166.78850440701,39.835061349,14.935,II/389/ps1_dr2
155871668022043623,166.80231223,39.89406096,14.4287,II/389/ps1_dr2
155871668025422784,166.80251236,39.89345735,14.2529,II/389/ps1_dr2
155871668018722868,166.80212468,39.8936761,11.7498,II/389/ps1_dr2
155871668024753154,166.80218995,39.89361588,11.151,II/389/ps1_dr2
155871668019233312,166.80196073,39.89403207,11.5068,II/389/ps1_dr2
155921668942922419,166.89425527,39.93478853,12.057,II/389/ps1_dr2
155921668946402613,166.89444173,39.93497511,12.097,II/389/ps1_dr2
155951668629803841,166.86292240799,39.96103288217,13.8629,II/389/ps1_dr2
155661665142976470,166.51419880183,39.72148737947,14.7174,II/389/ps1_dr2
155751664543019514,166.45423503342,39.79911257822,14.6408,II/389/ps1_dr2
155751665269104229,166.52681812,39.7946409,12.9465,II/389/ps1_dr2
155751665275914538,166.5275876,39.79517938,8.8549,II/389/ps1_dr2
155751665284225438,166.52838689,39.79567999,7.7627,II/389/ps1_dr2
155811665404380514,166.54036291268,39.84155957609,14.7175,II/389/ps1_dr2
155911664722439428,166.47218018858,39.93234516471,14.3287,II/389/ps1_dr2
155941666799990256,166.67998001766,39.94969274287,14.4129,II/389/ps1_dr2
155901666252207308,166.62522935773,39.92227283744,14.6677,II/389/ps1_dr2
156091667674825208,166.76749615,40.07888782,14.8191,II/389/ps1_dr2
156091667679644895,166.76800314,40.07872516,12.7586,II/389/ps1_dr2
156091667666545843,166.76684599,40.07926088,9.909,II/389/ps1_dr2
156141665485583624,166.54852946967,40.11918268506,14.5706,II/389/ps1_dr2
156111665445862069,166.54457025681,40.09287074057,13.404,II/389/ps1_dr2
156231666589122015,166.65911183891,40.19268128976,11.909,II/389/ps1_dr2
155901670495351365,167.049549398,39.91731391477,13.2796,II/389/ps1_dr2
155911670053582804,167.00537684068,39.92683002803,14.3362,II/389/ps1_dr2
156011671056726983,167.10566108385,40.01362693533,13.8478,II/389/ps1_dr2
156061670703133156,167.07031321378,40.05214017319,12.798,II/389/ps1_dr2
156071669209417110,166.92090291808,40.06381198928,12.887,II/389/ps1_dr2
156111670394385325,167.03945452227,40.09560003445,14.9159,II/389/ps1_dr2
156131670183671111,167.01832133,40.10877067,10.9458,II/389/ps1_dr2
156241669793536362,166.97928369,40.20484723,11.6795,II/389/ps1_dr2
156241669797366208,166.97970457,40.20474425,11.5125,II/389/ps1_dr2
156171671312905975,167.13127056397,40.14614554935,13.4918,II/389/ps1_dr2
156201672804548526,167.28044073743,40.17322933938,14.7697,II/389/ps1_dr2
156231673109033200,167.31090803267,40.1938122696,14.1733,II/389/ps1_dr2
156211670693450392,167.06931998715,40.17485680389,13.7013,II/389/ps1_dr2
156441671665687694,167.16656282255,40.3725713794,14.6397,II/389/ps1_dr2
156431671515680208,167.151426354,40.35802252474,14.1788,II/389/ps1_dr2
156201668759493561,166.87589975187,40.16910559009,14.3394,II/389/ps1_dr2
156241669522667093,166.95217335715,40.20538222689,13.3495,II/389/ps1_dr2
156211666830068911,166.68298729608,40.18186472167,14.1932,II/389/ps1_dr2
156351667073429437,166.70734281561,40.2990144018,14.5633,II/389/ps1_dr2
156361667573392859,166.75733948669,40.30185448082,14.2923,II/389/ps1_dr2
156391670103209091,167.01029737,40.33197612,11.9799,II/389/ps1_dr2
156391670104378660,167.01017865,40.33160135,14.261,II/389/ps1_dr2
156391670109318976,167.01091571,40.33194797,12.7031,II/389/ps1_dr2
156411669750417095,166.97502934043,40.34703745179,13.3,II/389/ps1_dr2
156461669857790283,166.9857375281,40.38304115895,14.049,II/389/ps1_dr2
156441670865429930,167.08654417717,40.37444907592,13.229,II/389/ps1_dr2
156441670646359487,167.06455864713,40.37401854889,13.145,II/389/ps1_dr2
156471668789501731,166.87894706927,40.39255896732,14.8252,II/389/ps1_dr2
156491669476429194,166.94761295713,40.41544424348,13.8691,II/389/ps1_dr2
156601668900576650,166.89004547406,40.50499330983,13.201,II/389/ps1_dr2
156561670306872391,167.03065880273,40.46812024676,14.6599,II/389/ps1_dr2
156601670554118452,167.05542907413,40.50655761208,13.8503,II/389/ps1_dr2
156651669449914841,166.94498877702,40.54515807471,14.5294,II/389/ps1_dr2
156661669412639127,166.94126015431,40.55706473237,13.6898,II/389/ps1_dr2
155941662176981851,166.21785288,39.95090176,11.965,II/389/ps1_dr2
155941662448393112,166.24479494653,39.95203192112,14.7286,II/389/ps1_dr2
155991663375389552,166.33749182968,39.99911223786,14.5811,II/389/ps1_dr2
156091662431208203,166.24310614213,40.08132287149,13.479,II/389/ps1_dr2
156081661884776718,166.18843402884,40.07173125893,14.3557,II/389/ps1_dr2
156071663029405871,166.30292796417,40.06271450759,14.6117,II/389/ps1_dr2
156111662990745648,166.29911674929,40.09583137899,13.8656,II/389/ps1_dr2
156061664614457131,166.46141945774,40.05542944329,13.8674,II/389/ps1_dr2
156161665470132333,166.54698119912,40.13477420262,14.2833,II/389/ps1_dr2
156121664078851196,166.40784672784,40.10044259103,14.4779,II/389/ps1_dr2
156161664730899029,166.47306327831,40.14036100892,14.651,II/389/ps1_dr2
156191664611524171,166.46112118225,40.16131804505,14.1016,II/389/ps1_dr2
156221665264012737,166.52635306906,40.18512759829,14.4896,II/389/ps1_dr2
156331665026358352,166.50255701515,40.28146159145,14.8394,II/389/ps1_dr2
156131660768115038,166.07681642,40.11209499,10.6243,II/389/ps1_dr2
156161660887674238,166.0891104,40.13635725,13.2552,II/389/ps1_dr2
156161660895594374,166.08955594,40.1363725,12.114,II/389/ps1_dr2
156171661281407795,166.12809201712,40.14761534875,14.7106,II/389/ps1_dr2
156231660908688329,166.09073636719,40.19793868605,12.204,II/389/ps1_dr2
156211662368868329,166.23689902987,40.18143238556,13.368,II/389/ps1_dr2
156221661862219281,166.18619108329,40.19053731096,14.5348,II/389/ps1_dr2
156241659815011743,165.98141190706,40.20089443094,14.0911,II/389/ps1_dr2
156251659782081839,165.97811316026,40.20931392498,14.4097,II/389/ps1_dr2
156331660090503815,166.00894997787,40.27760336826,13.5715,II/389/ps1_dr2
156331660937029760,166.09358642708,40.28257366478,13.048,II/389/ps1_dr2
156431661624254553,166.16229105462,40.36150951115,12.399,II/389/ps1_dr2
156371660969936198,166.09686132785,40.31295172357,13.222,II/389/ps1_dr2
156451661234958876,166.12340823428,40.3818247402,14.0499,II/389/ps1_dr2
156311662924378031,166.29238557192,40.26452022501,14.7097,II/389/ps1_dr2
156371662864980658,166.28648261058,40.30835814522,13.8554,II/389/ps1_dr2
156371663372539566,166.33716148916,40.31579290369,14.8623,II/389/ps1_dr2
156431662923565671,166.29226643102,40.36251718691,14.5401,II/389/ps1_dr2
156521663567417515,166.35674230024,40.43903804364,14.5322,II/389/ps1_dr2
156521663794450332,166.37941991151,40.43307012727,13.6618,II/389/ps1_dr2
156461662105427369,166.21041880142,40.38885728421,13.227,II/389/ps1_dr2
156681663140744765,166.31406777206,40.57004203652,14.683,II/389/ps1_dr2
156501667775677096,166.77759345,40.42200706,10.954,II/389/ps1_dr2
156491666715912319,166.67154052752,40.40974877065,14.0871,II/389/ps1_dr2
156521666008095506,166.60077313054,40.4374173149,14.4478,II/389/ps1_dr2
156511665523278439,166.55227859091,40.4315191731,14.4159,II/389/ps1_dr2
156681666429684527,166.64289713232,40.56988251656,14.9597,II/389/ps1_dr2
156601667982479735,166.79822921344,40.50757200642,13.7725,II/389/ps1_dr2
156611668069076036,166.80689722866,40.51282685548,13.7829,II/389/ps1_dr2
156671669285287626,166.92851511959,40.56414985407,14.3826,II/389/ps1_dr2
156641667268758890,166.72684794872,40.54020881399,13.281,II/389/ps1_dr2
156741668122679996,166.8122334,40.62446074,11.649,II/389/ps1_dr2
156741668127009760,166.81236035,40.62427173,12.5307,II/389/ps1_dr2
156751668128370223,166.81274676,40.62466811,13.7253,II/389/ps1_dr2
156791668143850657,166.81436184676,40.65834881984,13.9871,II/389/ps1_dr2
156791668394721051,166.83979249242,40.65862051968,12.928,II/389/ps1_dr2
156871668860629600,166.88604806591,40.73247082652,14.906,II/389/ps1_dr2
156871667714169704,166.77134480214,40.73254816885,14.9266,II/389/ps1_dr2
156571665140116796,166.51397375852,40.48012777191,14.5924,II/389/ps1_dr2
156711663168687443,166.31682593466,40.59727022278,13.112,II/389/ps1_dr2
156771664491970913,166.44918375439,40.64185942351,14.4759,II/389/ps1_dr2
156781664884130600,166.48835117961,40.64995069623,13.201,II/389/ps1_dr2
157101665862181960,166.58620043115,40.91763460699,13.4439,II/389/ps1_dr2
155391652575281942,165.25754995554,39.49274636,12.116,II/389/ps1_dr2
155391652582601814,165.25781881,39.49257473,13.2428,II/389/ps1_dr2
155491652855662824,165.28548290479,39.57671784487,13.6343,II/389/ps1_dr2
155491651945152240,165.19444971183,39.57629678965,14.3294,II/389/ps1_dr2
155531653161982192,165.31608281178,39.60950081336,13.3803,II/389/ps1_dr2
155511651373186841,165.13729797921,39.59680350924,14.1636,II/389/ps1_dr2
155651652667584257,165.26665379279,39.71130871199,13.026,II/389/ps1_dr2
155671652672768507,165.26715161039,39.73153583933,13.475,II/389/ps1_dr2
155701652920579596,165.29201835839,39.75738070217,13.236,II/389/ps1_dr2
155661654431776292,165.44313002033,39.7213466368,14.8524,II/389/ps1_dr2
155791654422147888,165.4421914991,39.83095114915,12.715,II/389/ps1_dr2
155661650474158862,165.04737424,39.72344011,12.3241,II/389/ps1_dr2
155661650478728396,165.04795053,39.72308891,12.506,II/389/ps1_dr2
155791651225887869,165.12250847773,39.83100897616,13.9108,II/389/ps1_dr2
155831649173466150,164.91736994448,39.86294203015,14.7914,II/389/ps1_dr2
155901650349031595,165.03496699069,39.91746424436,12.711,II/389/ps1_dr2
155901651814993477,165.18162381,39.91893468,13.4767,II/389/ps1_dr2
155901651818413082,165.18185725726,39.9187203165,12.862,II/389/ps1_dr2
156001653711970665,165.37110496238,40.00001209534,13.621,II/389/ps1_dr2
156041653474185221,165.34743670219,40.0371494269,13.262,II/389/ps1_dr2
155951651256465218,165.12565076608,39.9621524543,14.2151,II/389/ps1_dr2
155961651282150880,165.12820577363,39.96688182472,14.7683,II/389/ps1_dr2
156031651791597526,165.17926655338,40.03071342786,14.9682,II/389/ps1_dr2
156161651848284799,165.18487184533,40.13681159045,14.5193,II/389/ps1_dr2
155931655849301165,165.58483664884,39.94207577992,13.436,II/389/ps1_dr2
155991655996335340,165.599546048,39.99553769403,14.1906,II/389/ps1_dr2
156081657199302339,165.71985616821,40.06805987484,14.7933,II/389/ps1_dr2
156071656881482110,165.68814196544,40.05958332267,14.2356,II/389/ps1_dr2
156081656926236614,165.69270163,40.07188305,14.4528,II/389/ps1_dr2
156081656926445990,165.69251686,40.07083824,13.0658,II/389/ps1_dr2
156081656930395695,165.69323933,40.0709385,10.4473,II/389/ps1_dr2
156061654483697430,165.44829885834,40.05560678714,14.9708,II/389/ps1_dr2
156221655715700895,165.57153812439,40.18348049063,14.1457,II/389/ps1_dr2
156241658897104001,165.88967341743,40.20281541022,14.8852,II/389/ps1_dr2
156271658861656507,165.88614491978,40.22989815024,12.8327,II/389/ps1_dr2
156361658539488611,165.85433047,40.30676734,13.5282,II/389/ps1_dr2
156361658543947467,165.85464794,40.30556258,13.0095,II/389/ps1_dr2
156361658547168011,165.85454729,40.30592533,8.5238,II/389/ps1_dr2
156361658552327691,165.85522548,40.30585372,13.6236,II/389/ps1_dr2
156251656939395481,165.69384172575,40.21237166891,13.6755,II/389/ps1_dr2
156331657398118718,165.73968887524,40.28176909812,14.1945,II/389/ps1_dr2
156371657809621782,165.78095421587,40.30929492178,13.3715,II/389/ps1_dr2
156371657816640800,165.78164329,40.30844268,13.1544,II/389/ps1_dr2
156371657820581000,165.78204096247,40.30864180079,11.859,II/389/ps1_dr2
156371657821750649,165.78216753,40.3083473,13.2801,II/389/ps1_dr2
156371657826020940,165.78273496,40.30862571,13.2296,II/389/ps1_dr2
156111654190451443,165.41899480722,40.09233449215,14.4849,II/389/ps1_dr2
156151653542510525,165.35414695964,40.12481059277,14.4595,II/389/ps1_dr2
156241654956872935,165.49557575,40.2020285,13.4406,II/389/ps1_dr2
156241654958153319,165.49593653338,40.20206686392,11.793,II/389/ps1_dr2
156251653194894857,165.3195245269,40.21186229826,14.519,II/389/ps1_dr2
156251653939737074,165.39407739242,40.21367944532,13.4974,II/389/ps1_dr2
156321653932090396,165.39334864005,40.26645926875,12.352,II/389/ps1_dr2
156431654291433590,165.42908839681,40.36078433651,14.0932,II/389/ps1_dr2
156421655545468643,165.55451648246,40.35667823994,14.7791,II/389/ps1_dr2
156421656103194388,165.61032793695,40.35313774686,13.7845,II/389/ps1_dr2
156461656002149687,165.60023039341,40.39090057669,12.553,II/389/ps1_dr2
156431656590364385,165.65896207271,40.36145368566,13.526,II/389/ps1_dr2
156511654208004310,165.42074495937,40.42804190889,13.6059,II/389/ps1_dr2
156701655595447720,165.55949701614,40.58924752308,14.6376,II/389/ps1_dr2
155931648853220648,164.88537968437,39.94170575806,13.5437,II/389/ps1_dr2
155951649818515673,164.98185878011,39.96253742232,14.2556,II/389/ps1_dr2
156051650642904601,165.06433071404,40.04496647881,14.1824,II/389/ps1_dr2
156221651185021999,165.11855632694,40.18448291087,13.064,II/389/ps1_dr2
156221649416361643,164.94167745515,40.18415844502,14.4091,II/389/ps1_dr2
156321649795391409,164.97953217,40.2673587,11.303,II/389/ps1_dr2
156361650304712075,165.03043778552,40.30118902252,12.222,II/389/ps1_dr2
156411650615309343,165.06155014311,40.34893193972,14.8684,II/389/ps1_dr2
156151646925375835,164.69272946965,40.1292973068,12.762,II/389/ps1_dr2
156301648562437019,164.85628406244,40.25532808559,14.3215,II/389/ps1_dr2
156171646169869080,164.61696109,40.14873397,11.8069,II/389/ps1_dr2
156171646173018703,164.61724952,40.1482634,10.8701,II/389/ps1_dr2
156171646173619087,164.61741143,40.14869617,10.949,II/389/ps1_dr2
156171646177058974,164.61767128,40.14866863,11.1084,II/389/ps1_dr2
156231646148773848,164.614986,40.19432589,13.489,II/389/ps1_dr2
156231646154083857,164.6152043,40.19435014,11.522,II/389/ps1_dr2
156231646160323762,164.6159861,40.1941014,12.2474,II/389/ps1_dr2
156301646252588579,164.62530165892,40.25663262126,14.8514,II/389/ps1_dr2
156341647038814720,164.70404267279,40.2867493462,13.215,II/389/ps1_dr2
156431646530590609,164.65321616965,40.35853779199,13.821,II/389/ps1_dr2
156431646532370961,164.65321049065,40.35853449507,13.853,II/389/ps1_dr2
156481650036550059,165.00359459629,40.39951543055,14.9432,II/389/ps1_dr2
156521650374397136,165.03738485733,40.4387363992,13.6856,II/389/ps1_dr2
156451648132298105,164.81324578833,40.38124329148,14.6295,II/389/ps1_dr2
156511648644325672,164.86423858,40.42902393,13.1642,II/389/ps1_dr2
156511648647579586,164.86474371,40.43234978,12.7393,II/389/ps1_dr2
156511648649118964,164.86494349,40.43199656,13.0747,II/389/ps1_dr2
156511648651804497,164.86516295,40.42837689,12.9466,II/389/ps1_dr2
156511648658868988,164.86589063,40.43196347,12.5411,II/389/ps1_dr2
156511648661798664,164.86620917,40.43177206,12.7629,II/389/ps1_dr2
156511648602229257,164.86013073,40.43235318,14.2387,II/389/ps1_dr2
156531648522051431,164.852503,40.44231608,14.0109,II/389/ps1_dr2
156551648784939148,164.87844349454,40.46542645929,13.6516,II/389/ps1_dr2
156601649352675307,164.93517105808,40.50388290074,13.8076,II/389/ps1_dr2
156651648888096865,164.88873731419,40.54684851038,14.1229,II/389/ps1_dr2
156551653308999376,165.33085708779,40.46551961456,14.7324,II/389/ps1_dr2
156561653616877287,165.36163002494,40.47220553483,14.9554,II/389/ps1_dr2
156601652564944971,165.2564324501,40.50361121164,13.4948,II/389/ps1_dr2
156611651902277435,165.19015832734,40.51398113315,14.6586,II/389/ps1_dr2
156731652304971253,165.23065784,40.60903533,11.5165,II/389/ps1_dr2
156731652305831605,165.23051564,40.60909213,10.637,II/389/ps1_dr2
156731652309211391,165.23086968,40.60895654,10.6928,II/389/ps1_dr2
156661653623270420,165.36228317476,40.54981630244,14.5896,II/389/ps1_dr2
156771654709654396,165.47087287324,40.64478227439,14.9416,II/389/ps1_dr2
156701653238423518,165.32394835,40.58577297,9.3674,II/389/ps1_dr2
156701653242963476,165.32406914,40.58574921,9.39,II/389/ps1_dr2
156791654203359561,165.42039973993,40.6656961211,13.5764,II/389/ps1_dr2
156921654145066659,165.41443781,40.77168356,12.8582,II/389/ps1_dr2
156921654154215505,165.41542544,40.77072068,8.9517,II/389/ps1_dr2
156921654158845313,165.41607438,40.77055381,13.776,II/389/ps1_dr2
156921654143165885,165.41429886,40.77111012,8.287,II/389/ps1_dr2
156921654137426356,165.41378429,40.77143378,14.1361,II/389/ps1_dr2
156911654073168644,165.40729271422,40.76500639249,12.63,II/389/ps1_dr2
156551650757240567,165.07545532,40.45825869,13.8054,II/389/ps1_dr2
156551650765190327,165.07670217,40.45800772,10.8942,II/389/ps1_dr2
156551650761820472,165.07628703,40.45817707,10.4686,II/389/ps1_dr2
156571650580101502,165.05791456687,40.47570984749,14.7892,II/389/ps1_dr2
156631650140797904,165.01400711106,40.53103396775,14.1928,II/389/ps1_dr2
156781650155833519,165.01553684311,40.65238031822,12.828,II/389/ps1_dr2
156711649335899572,164.93351568965,40.59910190424,13.7115,II/389/ps1_dr2
156811649641211347,164.96400963952,40.67554173675,13.173,II/389/ps1_dr2
156811652622473715,165.26222624654,40.67755658422,13.3491,II/389/ps1_dr2
156841652021493967,165.20223703,40.70291931,10.873,II/389/ps1_dr2
156841652027223836,165.20262705,40.70258652,12.6212,II/389/ps1_dr2
156921652157124983,165.21569251834,40.77029273955,14.696,II/389/ps1_dr2
156991653641127583,165.36415549,40.83078038,11.885,II/389/ps1_dr2
156861651458608352,165.14579704106,40.72307356772,13.46,II/389/ps1_dr2
157061651798906382,165.17983870848,40.88814275371,14.0435,II/389/ps1_dr2
156451659686620646,165.9686081396,40.37497110553,14.2408,II/389/ps1_dr2
156431659617520307,165.96169825992,40.35801818239,13.7461,II/389/ps1_dr2
156531659856704730,165.98560416445,40.44503339482,14.9817,II/389/ps1_dr2
156441658458343359,165.8457709,40.36895314,12.2319,II/389/ps1_dr2
156441658460284353,165.84631898,40.36946192,10.4773,II/389/ps1_dr2
156441658464114105,165.846508,40.369579,10.001,II/389/ps1_dr2
156441658455893899,165.84545516,40.36941025,11.6171,II/389/ps1_dr2
156441658465034431,165.8467543,40.36999084,9.4979,II/389/ps1_dr2
156431658316931297,165.83155460738,40.35887812105,13.7693,II/389/ps1_dr2
156521659204786512,165.92038805929,40.43819089134,13.9139,II/389/ps1_dr2
156481657874446730,165.78732439199,40.40510144826,14.1497,II/389/ps1_dr2
156601658597411428,165.85960541435,40.50065885423,14.209,II/389/ps1_dr2
156621659677507199,165.96768230133,40.52209733252,14.4662,II/389/ps1_dr2
156701661336419730,166.13368147532,40.59085897586,13.7877,II/389/ps1_dr2
156801662353532614,166.23531822038,40.66825570199,13.5048,II/389/ps1_dr2
156771660307691536,166.03068154937,40.64239251639,14.7172,II/389/ps1_dr2
156801661419129943,166.14154609,40.67440445,11.946,II/389/ps1_dr2
156801661446500248,166.14465644,40.66630515,12.2191,II/389/ps1_dr2
156801661445390641,166.14442898316,40.66653510725,11.77,II/389/ps1_dr2
156791661007270895,166.10064232854,40.6585176939,14.6435,II/389/ps1_dr2
156781660892673290,166.08919562427,40.6521723059,13.114,II/389/ps1_dr2
156601657726136233,165.77239665,40.50463106,9.1859,II/389/ps1_dr2
156601657736515898,165.77356051,40.50437037,8.5229,II/389/ps1_dr2
156601657738605308,165.77383685,40.50379428,13.5039,II/389/ps1_dr2
156601657741195766,165.77426592,40.50441712,13.4809,II/389/ps1_dr2
156601657744894935,165.77443448,40.5035279,13.8194,II/389/ps1_dr2
156641657596278385,165.75973778,40.5396839,10.8366,II/389/ps1_dr2
156641657595628839,165.75942465994,40.5401850611,13.4643,II/389/ps1_dr2
156751657210783663,165.72098538011,40.62751598098,14.5256,II/389/ps1_dr2
156841657036692476,165.70355644641,40.70153429901,14.6525,II/389/ps1_dr2
156871657319897311,165.73182085228,40.73055333655,12.741,II/389/ps1_dr2
156911659388034041,165.93874852691,40.76117213748,14.9377,II/389/ps1_dr2
156931658064816206,165.8063563901,40.77965515698,14.9404,II/389/ps1_dr2
156881662353805989,166.23531962034,40.73775201598,14.6735,II/389/ps1_dr2
156921662965629171,166.29648395457,40.77374758143,13.163,II/389/ps1_dr2
156971662308540845,166.23073425035,40.80846182842,13.8864,II/389/ps1_dr2
156971661706857440,166.17076260151,40.81384064263,14.2678,II/389/ps1_dr2
156981661312938560,166.13118843076,40.82324212359,14.8925,II/389/ps1_dr2
157071662447213469,166.24488211,40.89399789,13.2941,II/389/ps1_dr2
157071662447923948,166.24479413,40.8944794,10.684,II/389/ps1_dr2
157071662450674441,166.24499979,40.89477802,11.9523,II/389/ps1_dr2
157111665329113481,166.53304582,40.92713655,10.2413,II/389/ps1_dr2
157171664340418878,166.43400238783,40.98186332125,14.2365,II/389/ps1_dr2
157211663333760033,166.33342326161,41.0077891295,14.3248,II/389/ps1_dr2
157341664910663411,166.49097994,41.11899117,10.814,II/389/ps1_dr2
157381664716819518,166.47167180625,41.15740604854,13.7373,II/389/ps1_dr2
157441664631334197,166.46315397507,41.20295731811,14.9348,II/389/ps1_dr2
157111661856699017,166.18564,40.93187,11.189,II/389/ps1_dr2
157111661858278517,166.18557589,40.93176736,11.469,II/389/ps1_dr2
157051660669748356,166.06690291236,40.88138873399,14.8745,II/389/ps1_dr2
157201660586437667,166.05855549249,41.00583886845,13.7479,II/389/ps1_dr2
157241660529248160,166.05290702379,41.0395853761,14.6992,II/389/ps1_dr2
157341661391667555,166.13918461572,41.12236823323,13.017,II/389/ps1_dr2
157351661687908789,166.16873643332,41.13170271032,14.9574,II/389/ps1_dr2
157401662762435243,166.27630416242,41.17042253883,13.9958,II/389/ps1_dr2
157481661886136659,166.18853777701,41.23821820585,13.3993,II/389/ps1_dr2
157521661640734030,166.1640443831,41.26942202721,13.526,II/389/ps1_dr2
157641663205456979,166.32048578437,41.37192011599,13.6274,II/389/ps1_dr2
157611662596798182,166.259672733,41.34789289573,13.9754,II/389/ps1_dr2
156841656124841871,165.61241840168,40.70102209746,14.9379,II/389/ps1_dr2
156851655722732115,165.57226670332,40.70956706192,13.39,II/389/ps1_dr2
156921656352132533,165.63518228745,40.76824803793,14.9464,II/389/ps1_dr2
156981656394994482,165.63938061,40.81974739,11.137,II/389/ps1_dr2
157031654830803166,165.48298781065,40.86047604075,12.489,II/389/ps1_dr2
157041655514799421,165.55145115578,40.87396538875,14.0624,II/389/ps1_dr2
157051656286265832,165.62857858731,40.87930350547,13.642,II/389/ps1_dr2
157091656303023344,165.6302133421,40.91058192266,14.2214,II/389/ps1_dr2
157041657592007044,165.75911616647,40.87199143319,14.4567,II/389/ps1_dr2
157191656748559685,165.67479606935,40.9991858992,14.8447,II/389/ps1_dr2
157231656191019571,165.61903580648,41.03236853303,13.9693,II/389/ps1_dr2
157311658052009594,165.80507278222,41.0990974251,13.4781,II/389/ps1_dr2
157321656998779326,165.69974313259,41.10719215874,13.234,II/389/ps1_dr2
157401657353404406,165.73523043987,41.1697785465,14.4944,II/389/ps1_dr2
157051654405771279,165.44041563,40.87551485,13.489,II/389/ps1_dr2
157051654412471378,165.44099893,40.87550835,11.463,II/389/ps1_dr2
157051654414471060,165.44170992,40.87518066,12.1294,II/389/ps1_dr2
157201655359845950,165.53591568679,41.00441832202,13.7024,II/389/ps1_dr2
157201653213475269,165.32132573963,41.0038644645,13.7851,II/389/ps1_dr2
157241653257609000,165.32571964671,41.04029532319,12.812,II/389/ps1_dr2
157321653242668371,165.32425454119,41.10642261391,13.4419,II/389/ps1_dr2
157271653674767573,165.36744363491,41.06408227604,13.074,II/389/ps1_dr2
157311653666213248,165.36663401006,41.09381117345,14.217,II/389/ps1_dr2
157361653662236990,165.3662618364,41.13861213494,14.034,II/389/ps1_dr2
157371654148017804,165.41477016054,41.14763981996,13.444,II/389/ps1_dr2
157421654231236532,165.423092688,41.18826767752,14.3015,II/389/ps1_dr2
157401655557385344,165.5556612735,41.17057488768,13.8522,II/389/ps1_dr2
157391656507351583,165.65067753,41.1590195,12.015,II/389/ps1_dr2
157501656246851824,165.62459197625,41.25094723933,14.5542,II/389/ps1_dr2
157471656606419693,165.66052822282,41.23247891406,14.4672,II/389/ps1_dr2
157511656501056252,165.65001245726,41.26296200942,14.9487,II/389/ps1_dr2
157561655080604849,165.50818565633,41.30346919592,14.1823,II/389/ps1_dr2
157301659615164287,165.96140119808,41.08638746511,14.4195,II/389/ps1_dr2
157341660178187941,166.01778972007,41.12270184206,13.3327,II/389/ps1_dr2
157461660790943586,166.07902560153,41.21901537242,14.6565,II/389/ps1_dr2
157441657861472351,165.78596145511,41.20138892247,13.6501,II/389/ps1_dr2
157551659744765906,165.97435735944,41.29604352394,13.5589,II/389/ps1_dr2
157561658627002390,165.8626282325,41.30142509575,14.4522,II/389/ps1_dr2
157531661325508431,166.13253751145,41.28143284597,14.6987,II/389/ps1_dr2
157541661523382939,166.15227369328,41.28519317173,14.7101,II/389/ps1_dr2
157551661375056124,166.13748907702,41.29616558045,14.8844,II/389/ps1_dr2
157591661438003915,166.14373266783,41.32763562114,13.428,II/389/ps1_dr2
157591660822270410,166.08203168,41.32479839,9.7214,II/389/ps1_dr2
157661661797560966,166.17967173272,41.38348548108,14.5976,II/389/ps1_dr2
157661661880476348,166.18803933302,41.38802104868,14.222,II/389/ps1_dr2
157851661415447002,166.14151473412,41.54688172952,14.7367,II/389/ps1_dr2
157701658266645388,165.82654508834,41.42060905323,13.5882,II/389/ps1_dr2
157741658231330898,165.82305974601,41.45022026604,13.024,II/389/ps1_dr2
157711659367315703,165.93659572022,41.42922446465,14.7988,II/389/ps1_dr2
157881659591985259,165.95909527957,41.57050724131,13.3991,II/389/ps1_dr2
157911660852971017,166.08529637,41.5918966,10.5281,II/389/ps1_dr2
157911660859440653,166.08594781,41.59158757,10.7973,II/389/ps1_dr2
157911660864031012,166.08655126,41.59180827,14.273,II/389/ps1_dr2
157911660859751129,166.08595267,41.59209895,12.8823,II/389/ps1_dr2
157911660836305620,166.08355530379,41.59574802338,12.826,II/389/ps1_dr2
157881659885199672,165.98844027702,41.5741675145,14.2421,II/389/ps1_dr2
156301673325722715,167.33255961085,40.25174341884,14.1899,II/389/ps1_dr2
156441673002738167,167.30027420918,40.37296549751,13.75,II/389/ps1_dr2
156511672213456210,167.22132234463,40.4295959515,13.069,II/389/ps1_dr2
156711673597711244,167.35980678626,40.59220855023,14.9389,II/389/ps1_dr2
156641675414424440,167.54132044,40.53658605,10.812,II/389/ps1_dr2
156641675412524088,167.54121155,40.53612533,13.5259,II/389/ps1_dr2
156641675409724320,167.54099976,40.53657789,11.6986,II/389/ps1_dr2
156721676419041294,167.64195307185,40.60054722188,12.755,II/389/ps1_dr2
156691674374630002,167.43748090876,40.57452364723,14.1963,II/389/ps1_dr2
156791674542068179,167.45421738439,40.66467497011,14.8809,II/389/ps1_dr2
156871676002331337,167.60020062043,40.72559481157,14.8985,II/389/ps1_dr2
156911674805113599,167.48048763652,40.76084531283,14.2702,II/389/ps1_dr2
156671671802456201,167.18024398481,40.56302363419,14.1122,II/389/ps1_dr2
156701671973744488,167.19741253813,40.5865803327,14.3537,II/389/ps1_dr2
156661672510280408,167.25101322878,40.54982092489,13.064,II/389/ps1_dr2
156691672819320684,167.28196672253,40.57508003235,14.06,II/389/ps1_dr2
156761671802471229,167.18024638168,40.63383075205,14.7614,II/389/ps1_dr2
156721670683028823,167.06830641344,40.60679804259,14.2913,II/389/ps1_dr2
156771671835850354,167.18358624461,40.64143716771,14.7254,II/389/ps1_dr2
156881672203127414,167.22035585,40.73894157,12.6418,II/389/ps1_dr2
156881672208927237,167.22063805,40.73894028,11.505,II/389/ps1_dr2
156881672211527486,167.22122426,40.73890722,12.4515,II/389/ps1_dr2
156881673023191582,167.30271826,40.73410767,13.4298,II/389/ps1_dr2
156881673028271234,167.3027344443,40.73410386201,12.9091,II/389/ps1_dr2
156881673028901843,167.30273276916,40.73417574834,13.26,II/389/ps1_dr2
156931674870137822,167.48701037535,40.7810350284,13.7121,II/389/ps1_dr2
156921674727048709,167.47265683148,40.77343314307,13.6777,II/389/ps1_dr2
156951674004317474,167.40039615875,40.79739417369,14.5993,II/389/ps1_dr2
156901672432397180,167.24319702855,40.75544136899,14.5032,II/389/ps1_dr2
157041672221608477,167.22218204238,40.87319923837,13.6859,II/389/ps1_dr2
157041673374404750,167.33746480235,40.87009802718,14.9353,II/389/ps1_dr2
156841677094761356,167.70944130527,40.70061748403,13.062,II/389/ps1_dr2
156821677308244349,167.73077280904,40.68643723846,13.3221,II/389/ps1_dr2
156981676677091137,167.66764212954,40.81714126082,12.786,II/389/ps1_dr2
157021676097042181,167.60964738919,40.85130987019,14.7628,II/389/ps1_dr2
157051675988762693,167.59878564921,40.87671082661,11.788,II/389/ps1_dr2
157051675992912641,167.59944183,40.87684171,12.3165,II/389/ps1_dr2
157051676986937845,167.69857546,40.88107562,13.1311,II/389/ps1_dr2
157051676990647660,167.69901472949,40.88089835609,12.335,II/389/ps1_dr2
157051676994507628,167.69891156,40.88048431,12.7698,II/389/ps1_dr2
157051677451194923,167.74507975827,40.87860796645,14.8418,II/389/ps1_dr2
157081676720885089,167.6719632,40.90381646,12.239,II/389/ps1_dr2
157081676742528343,167.67421195957,40.90648925738,13.6478,II/389/ps1_dr2
157101675072480410,167.50728841469,40.91648875204,12.468,II/389/ps1_dr2
157091674633600653,167.46333708504,40.90838623323,14.0065,II/389/ps1_dr2
157141675353245556,167.53530072855,40.95418406069,13.8473,II/389/ps1_dr2
157271674674471033,167.46738411026,41.05867468621,14.7322,II/389/ps1_dr2
157261675386801227,167.53860095624,41.05052254797,14.9642,II/389/ps1_dr2
157351676387411112,167.63863597297,41.12542805703,13.801,II/389/ps1_dr2
156811670209242590,167.02096940584,40.67662573821,13.02,II/389/ps1_dr2
156851669744447454,166.97442292145,40.71399648886,14.8921,II/389/ps1_dr2
156921670540286994,167.0540379453,40.77193273474,14.4202,II/389/ps1_dr2
156971670746100643,167.07461098553,40.80836971918,12.574,II/389/ps1_dr2
156971670046206588,167.00437351,40.81343322,10.4462,II/389/ps1_dr2
156971670051136554,167.00485738,40.81315464,12.773,II/389/ps1_dr2
157181669984807729,166.99820862,40.98930447,12.5011,II/389/ps1_dr2
157091670971072266,167.09713461556,40.90970592992,12.359,II/389/ps1_dr2
157091670974972036,167.09720827,40.90939236,14.1651,II/389/ps1_dr2
157191672343549848,167.23455185,40.99919921,12.3044,II/389/ps1_dr2
157191672347459892,167.23478805,40.99917019,12.2943,II/389/ps1_dr2
157251671694595082,167.16947220817,41.04535498792,14.9986,II/389/ps1_dr2
157281671525196519,167.15251447151,41.07157385263,13.5289,II/389/ps1_dr2
157301672056085778,167.20564175514,41.08763346957,14.3375,II/389/ps1_dr2
157071668184757793,166.81847501729,40.89761364648,13.5108,II/389/ps1_dr2
157081668343419323,166.83422829,40.90727011,10.522,II/389/ps1_dr2
157111668553231964,166.85532709459,40.92609856682,14.2869,II/389/ps1_dr2
157121668739880653,166.87399584945,40.93334050172,13.9708,II/389/ps1_dr2
157061667795166798,166.77951863727,40.88845159819,13.6961,II/389/ps1_dr2
157211668880556109,166.88806984172,41.0128700201,12.454,II/389/ps1_dr2
157211668590559908,166.85911551,41.01617254,13.1504,II/389/ps1_dr2
157211668594749798,166.85939828,41.01599349,11.838,II/389/ps1_dr2
157251667874516889,166.78751897564,41.04671991382,12.784,II/389/ps1_dr2
157231666820538186,166.68207778276,41.03126806636,14.6317,II/389/ps1_dr2
157271668256949619,166.8256509,41.06567336,12.864,II/389/ps1_dr2
157261667995340569,166.79950645635,41.05011313712,12.244,II/389/ps1_dr2
157261667990731095,166.79917648,41.05037262,13.1252,II/389/ps1_dr2
157371668724000274,166.87242714557,41.14134824971,13.5349,II/389/ps1_dr2
157331667399985433,166.74004936848,41.11231295719,13.7192,II/389/ps1_dr2
157361667633658933,166.76343648514,41.14023064429,14.5037,II/389/ps1_dr2
157261670171865973,167.01712832428,41.05456062858,13.045,II/389/ps1_dr2
157301669873650433,166.98735801821,41.08320809191,14.8383,II/389/ps1_dr2
157421670659620606,167.0658745488,41.18333610662,14.4734,II/389/ps1_dr2
157451671042174334,167.10411763678,41.21147619647,12.085,II/389/ps1_dr2
157451671039714067,167.10396523,41.21120344,11.9699,II/389/ps1_dr2
157311673303453093,167.33035711114,41.09374598146,13.752,II/389/ps1_dr2
157381673909964922,167.39095874185,41.1535968732,14.5832,II/389/ps1_dr2
157391673963191703,167.39618305004,41.15928979682,14.473,II/389/ps1_dr2
157391672666073415,167.26652840398,41.16063961167,13.5062,II/389/ps1_dr2
157411672426821318,167.24267153,41.17548488,9.3792,II/389/ps1_dr2
157411672428070778,167.24266291,41.1749735,8.9186,II/389/ps1_dr2
157411672431381305,167.243223,41.175713,8.916,II/389/ps1_dr2
157411672444241352,167.24442514,41.17565486,13.6317,II/389/ps1_dr2
157431672465568213,167.24652086419,41.19801730156,14.5969,II/389/ps1_dr2
157571674287312332,167.42872873272,41.3097710452,13.5887,II/389/ps1_dr2
157531674895527157,167.48947534838,41.28047460486,13.399,II/389/ps1_dr2
157631676100109857,167.60993861767,41.36602003151,14.6542,II/389/ps1_dr2
157761674499296504,167.44990176327,41.47158052059,14.6428,II/389/ps1_dr2
157791675482012168,167.54860563,41.49282979,13.8051,II/389/ps1_dr2
157791675487361920,167.5487134,41.49264209,11.8253,II/389/ps1_dr2
157791675490752096,167.54904604,41.49301462,12.7513,II/389/ps1_dr2
157791675498041681,167.54984993,41.49248655,13.865,II/389/ps1_dr2
157831674630574336,167.46306492722,41.52813122621,14.4776,II/389/ps1_dr2
157581672150597122,167.21509248,41.32231677,13.2361,II/389/ps1_dr2
157581672147697357,167.21470628883,41.32226845846,12.567,II/389/ps1_dr2
157591671651079554,167.16509203204,41.33245679172,13.121,II/389/ps1_dr2
157751670660691735,167.06606581,41.45922886,12.5969,II/389/ps1_dr2
157751670655421378,167.06547173235,41.45905506857,11.352,II/389/ps1_dr2
157801673889708719,167.3889817483,41.50676378062,13.419,II/389/ps1_dr2
157841674329614843,167.43298429527,41.53686330817,13.6171,II/389/ps1_dr2
157921673629808017,167.36302906736,41.60627137642,13.1491,II/389/ps1_dr2
157961674200304778,167.42005313769,41.63675667184,12.895,II/389/ps1_dr2
157961674332051932,167.43319960838,41.63439580112,14.9268,II/389/ps1_dr2
157851675842839173,167.58422175694,41.54877128531,14.7672,II/389/ps1_dr2
158031674664779824,167.46644339435,41.69929668554,14.12,II/389/ps1_dr2
158101674093751566,167.40934413172,41.75076264813,14.7883,II/389/ps1_dr2
157281666036600135,166.60358083517,41.0662370686,12.701,II/389/ps1_dr2
157361665865778567,166.58686431,41.13998066,13.3468,II/389/ps1_dr2
157361665869119065,166.58662665,41.14035172,10.762,II/389/ps1_dr2
157391666325438439,166.63257345159,41.16480592886,14.7013,II/389/ps1_dr2
157391665717485931,166.57178193473,41.16271442733,12.689,II/389/ps1_dr2
157531665568420679,166.55682229424,41.27503440768,13.227,II/389/ps1_dr2
157531668022568825,166.80253041,41.28186547,11.295,II/389/ps1_dr2
157641667963866970,166.79642831117,41.37196002082,14.2903,II/389/ps1_dr2
157671668195484360,166.81959471311,41.39479938148,14.2502,II/389/ps1_dr2
157601668940884602,166.89411829371,41.33664948246,12.206,II/389/ps1_dr2
157611669187887025,166.91888132788,41.34703785473,13.201,II/389/ps1_dr2
157721667783663866,166.77838745193,41.43603907966,14.279,II/389/ps1_dr2
157751667586057789,166.75862214859,41.46431249877,14.4532,II/389/ps1_dr2
157531664629214844,166.462894628,41.2785258602,14.437,II/389/ps1_dr2
157561664001038028,166.40010482532,41.3061646248,14.861,II/389/ps1_dr2
157601664148087703,166.41476156507,41.3392143188,14.8393,II/389/ps1_dr2
157691665097919311,166.50965890005,41.41554198674,13.6937,II/389/ps1_dr2
157901664765417529,166.47644208755,41.58904814959,14.8311,II/389/ps1_dr2
157791666353207603,166.63523806793,41.49744914063,14.9743,II/389/ps1_dr2
157931667105843030,166.71055577512,41.61028211912,13.8549,II/389/ps1_dr2
157841665780699832,166.57801275887,41.54095357423,14.5747,II/389/ps1_dr2
157951665288561026,166.52852206,41.62518711,10.9757,II/389/ps1_dr2
157951665289671448,166.52884638,41.62583201,10.7301,II/389/ps1_dr2
158011665402264787,166.54011719493,41.67841274108,13.2771,II/389/ps1_dr2
158011665406306528,166.54047396536,41.67984916192,14.3826,II/389/ps1_dr2
157921670566248211,167.05664195531,41.60635569061,13.496,II/389/ps1_dr2
158031670867437125,167.08668121536,41.69702298374,14.0598,II/389/ps1_dr2
157921669479458229,166.94796104239,41.60632036734,13.411,II/389/ps1_dr2
157981669149508459,166.91495142803,41.65653205511,14.2191,II/389/ps1_dr2
158071669439427076,166.94395905094,41.7303661179,14.1785,II/389/ps1_dr2
158001671883830732,167.18836885393,41.66672467749,13.4049,II/389/ps1_dr2
158131672168195471,167.21682392051,41.77901050918,14.3744,II/389/ps1_dr2
157951668009008161,166.80093084389,41.63127696567,14.8577,II/389/ps1_dr2
158091668653075348,166.86532410046,41.74561114347,14.755,II/389/ps1_dr2
157871663074170941,166.30735772476,41.55852072098,12.918,II/389/ps1_dr2
157911663300586301,166.33003743543,41.59634541484,14.851,II/389/ps1_dr2
157881662189768114,166.2193013,41.57256884,13.7597,II/389/ps1_dr2
157881662193878086,166.21940195983,41.57277448876,12.076,II/389/ps1_dr2
157911661940510544,166.19400977316,41.59150403847,14.326,II/389/ps1_dr2
157921661390400518,166.13907037,41.5997813,12.3,II/389/ps1_dr2
156351645219237512,164.52196033844,40.29738178835,14.8755,II/389/ps1_dr2
156541645816185872,164.5815641205,40.45436580576,13.6436,II/389/ps1_dr2
156451643946408039,164.39477422584,40.38109680078,13.7782,II/389/ps1_dr2
156601646007649517,164.60069655142,40.50722800644,14.6692,II/389/ps1_dr2
156601645022029791,164.50221955257,40.50763369713,14.5192,II/389/ps1_dr2
156701647697483205,164.76970841647,40.58547512701,14.8362,II/389/ps1_dr2
156651646184870294,164.61843372563,40.54137263558,14.2103,II/389/ps1_dr2
156801645810164446,164.58097121,40.6697148,10.505,II/389/ps1_dr2
156891646802473073,164.6801540128,40.7437177958,13.14,II/389/ps1_dr2
156871647042273458,164.70428428,40.72732721,14.065,II/389/ps1_dr2
156871647043743098,164.70443274,40.72716946,10.961,II/389/ps1_dr2
156871647048043005,164.70474961,40.72707065,10.527,II/389/ps1_dr2
156871647055363306,164.70547976,40.72717116,13.4274,II/389/ps1_dr2
156901647040494073,164.70405440531,40.75289125333,13.6621,II/389/ps1_dr2
156621643131057020,164.31306220845,40.52200689672,13.8493,II/389/ps1_dr2
156671644587165579,164.45871815609,40.56248739034,13.9777,II/389/ps1_dr2
156731644638709826,164.46386597828,40.61599446293,14.8665,II/389/ps1_dr2
156801644553542344,164.45536308012,40.66809334241,14.2302,II/389/ps1_dr2
156791644299529867,164.42994775291,40.66602838966,14.0635,II/389/ps1_dr2
156711642943340211,164.29439146332,40.59133213111,12.053,II/389/ps1_dr2
156701642946229948,164.29461114,40.59111309,12.7654,II/389/ps1_dr2
156761643707586377,164.37075703257,40.63811588282,13.7428,II/389/ps1_dr2
156871643123973520,164.31238157239,40.72738520674,12.678,II/389/ps1_dr2
156881645945072804,164.59460962,40.73510628,13.9923,II/389/ps1_dr2
156881645949432846,164.59484711158,40.73512616163,12.779,II/389/ps1_dr2
156881644773931103,164.47735853538,40.73370701686,14.4713,II/389/ps1_dr2
157001646832217040,164.68323062295,40.83865725658,14.8918,II/389/ps1_dr2
157031646459042638,164.64588647087,40.85997987379,13.467,II/389/ps1_dr2
157021646021192306,164.60209514889,40.8513853602,14.1883,II/389/ps1_dr2
156981643630351846,164.36296273107,40.81765803861,13.4243,II/389/ps1_dr2
157141645708229952,164.57078937687,40.95776801669,13.255,II/389/ps1_dr2
157151644902660945,164.49024117976,40.95861188037,12.05,II/389/ps1_dr2
157151644906840894,164.49073691,40.95861556,13.1721,II/389/ps1_dr2
156781648827876520,164.882682718,40.65491571189,13.4045,II/389/ps1_dr2
156961648073464199,164.80735284835,40.80295846809,14.4505,II/389/ps1_dr2
157021648994740047,164.89938765973,40.84957225602,12.305,II/389/ps1_dr2
157021648996923463,164.89968031802,40.85237497319,14.6873,II/389/ps1_dr2
157151650532062712,165.05310805954,40.96005602935,13.045,II/389/ps1_dr2
157131651292490511,165.12925427651,40.94157944223,14.7602,II/389/ps1_dr2
157151649468142211,164.94709920467,40.95973916122,13.3353,II/389/ps1_dr2
157151649471782563,164.94710498945,40.95974754906,13.303,II/389/ps1_dr2
157231649041364987,164.90413033489,41.02863233008,14.5675,II/389/ps1_dr2
157341650458349173,165.04543592,41.12378577,11.6929,II/389/ps1_dr2
157341650464359154,165.04622303,41.12373354,10.972,II/389/ps1_dr2
157341650463249493,165.0464311,41.12396575,11.3475,II/389/ps1_dr2
157411650869941359,165.08699736791,41.175574026,14.3042,II/389/ps1_dr2
157061647649375333,164.76494095604,40.88722252855,14.4592,II/389/ps1_dr2
157081647671332545,164.76716111855,40.90155111574,14.9497,II/389/ps1_dr2
157181647773591009,164.77765005,40.98356353,9.0411,II/389/ps1_dr2
157211647260169596,164.72602056018,41.01580159752,14.0107,II/389/ps1_dr2
157261648166467063,164.81682582,41.05512976,10.9234,II/389/ps1_dr2
157261648169136675,164.81715298,41.05492143,10.505,II/389/ps1_dr2
157161646324864513,164.6324797463,40.96989676592,14.0017,II/389/ps1_dr2
157241646538605555,164.65384160562,41.03743520094,14.1555,II/389/ps1_dr2
157291647521582615,164.751877,41.07664922,13.3641,II/389/ps1_dr2
157291647516272516,164.75163505034,41.07667037284,12.413,II/389/ps1_dr2
157351647251113649,164.72508827368,41.12752541133,14.2569,II/389/ps1_dr2
157371646680249112,164.66800208411,41.14872208168,14.6143,II/389/ps1_dr2
157301648899854209,164.8899814114,41.08630415424,14.9137,II/389/ps1_dr2
157391649447171847,164.94509632,41.15932972,10.9727,II/389/ps1_dr2
157391649450692124,164.94517867,41.15952687,10.9501,II/389/ps1_dr2
157431648525508983,164.85256435675,41.19861661535,13.8295,II/389/ps1_dr2
156891641323825732,164.13234401981,40.74583357285,14.9622,II/389/ps1_dr2
156881641758782199,164.17585712538,40.73460537299,14.0692,II/389/ps1_dr2
156941642012948954,164.2012414563,40.79027707938,13.05,II/389/ps1_dr2
156941641598660892,164.15984316034,40.78350518439,14.3967,II/389/ps1_dr2
156991641396538651,164.13961492493,40.83163802547,14.4476,II/389/ps1_dr2
157051641390645667,164.13916448,40.8791528,12.078,II/389/ps1_dr2
157131643799125998,164.37989947853,40.94614416165,11.67,II/389/ps1_dr2
157141644151499661,164.41512900055,40.95750116117,13.244,II/389/ps1_dr2
157231644831282134,164.48311052911,41.02625281815,14.2785,II/389/ps1_dr2
157241644510704688,164.45105670157,41.03671624918,14.7449,II/389/ps1_dr2
157111642740082033,164.27397168735,40.92618248533,13.409,II/389/ps1_dr2
157211642673487946,164.26732073845,41.01443505474,13.4311,II/389/ps1_dr2
157311643517850429,164.35176339438,41.09148203653,14.2463,II/389/ps1_dr2
157241640649678664,164.06503310234,41.03992480911,13.4637,II/389/ps1_dr2
157241640653218555,164.06512876627,41.03989351565,13.42,II/389/ps1_dr2
157261640767308742,164.0767239241,41.05669059801,14.9129,II/389/ps1_dr2
157261640782709981,164.0783038516,41.05770101221,14.4274,II/389/ps1_dr2
157251640692920982,164.06927199528,41.04187859138,14.3105,II/389/ps1_dr2
157331640066033533,164.0065970444,41.11069531629,13.9498,II/389/ps1_dr2
157281641570822046,164.15699731862,41.06779147679,14.1159,II/389/ps1_dr2
157351640996783879,164.09962088,41.12750567,10.6337,II/389/ps1_dr2
157351640997373183,164.09973514,41.12731039,10.211,II/389/ps1_dr2
157351641003703261,164.10007319,41.12708916,10.7159,II/389/ps1_dr2
157431645405142788,164.54051193784,41.19345609127,12.93,II/389/ps1_dr2
157401644622577243,164.46222680898,41.17214630753,13.161,II/389/ps1_dr2
157461644364139895,164.43638285391,41.22437068341,14.6964,II/389/ps1_dr2
157491646847526443,164.68469897464,41.24643649616,14.4354,II/389/ps1_dr2
157551647777162467,164.77771017804,41.29321155849,14.2355,II/389/ps1_dr2
157261652349634655,165.23498357725,41.05335278898,14.7791,II/389/ps1_dr2
157521651206619880,165.1206278614,41.27435047258,14.2382,II/389/ps1_dr2
157491652380425301,165.23804439555,41.24553124749,14.6127,II/389/ps1_dr2
157531652765803784,165.27646311981,41.27767057498,14.9615,II/389/ps1_dr2
157621652351754502,165.23511732,41.35320678,10.92,II/389/ps1_dr2
157621652351164874,165.235147,41.35369629,11.7382,II/389/ps1_dr2
157491653844623049,165.3844744676,41.2436606918,14.8782,II/389/ps1_dr2
157561653312566410,165.33131171312,41.3047918504,13.166,II/389/ps1_dr2
157621654584008897,165.45843411019,41.35686174402,14.8524,II/389/ps1_dr2
157741655073004692,165.50727956389,41.45336226951,14.4167,II/389/ps1_dr2
157701653605879124,165.36061978475,41.42373968883,13.107,II/389/ps1_dr2
157711653146682729,165.31464127192,41.4267059523,12.409,II/389/ps1_dr2
157601650205244014,165.02046934,41.33629704,11.1863,II/389/ps1_dr2
157601650209263449,165.02060204737,41.33577294862,12.2742,II/389/ps1_dr2
157601650199904277,165.02018594,41.3359343,9.9159,II/389/ps1_dr2
157271638717378539,163.87182025779,41.06489885903,12.7974,II/389/ps1_dr2
53182,163.1770766837,40.1711592999,7.15,I/239/hip_main
53251,163.3693151124,40.6445220317,10.69,I/239/hip_main
53350,163.6655456811,40.1166923362,10.01,I/239/hip_main
53483,164.1197065951,40.2532302933,10.69,I/239/hip_main
53508,164.1905846998,39.8119829864,8.44,I/239/hip_main
53539,164.2956536344,38.791122432,9.56,I/239/hip_main
53565,164.3665616669,37.64845248,9.11,I/239/hip_main
53620,164.5511938359,39.0522487632,9.72,I/239/hip_main
53640,164.6045098763,37.0312614124,10.6,I/239/hip_main
53641,164.6063441913,37.0287075024,8.78,I/239/hip_main
53688,164.7760745835,40.9836084822,8.26,I/239/hip_main
53721,164.8665570638,40.4302568508,5.03,I/239/hip_main
53726,164.8866143004,36.09309993,5.99,I/239/hip_main
53832,165.2023132067,40.7029326803,10.11,I/239/hip_main
53838,165.210080324,39.2120921744,5.06,I/239/hip_main
53852,165.2472455786,36.5386033651,8.65,I/239/hip_main
53895,165.414751728,40.7710488047,8.51,I/239/hip_main
53897,165.4220932721,38.0083540935,7.79,I/239/hip_main
53903,165.4405806038,36.6782438404,7.45,I/239/hip_main
53931,165.5346671689,36.9816344162,8.57,I/239/hip_main
53946,165.5691767054,38.4186794403,10.05,I/239/hip_main
53986,165.6594864644,36.3368041558,8.35,I/239/hip_main
54020,165.7732005214,40.5045583861,8.19,I/239/hip_main
54035,165.834141642,35.9698775505,7.49,I/239/hip_main
54047,165.8974240671,38.2333525321,9.06,I/239/hip_main
54073,165.9707131981,38.9609451376,7.86,I/239/hip_main
54105,166.0662324564,40.0047286346,10.74,I/239/hip_main
54107,166.0758159528,38.8682482773,7.14,I/239/hip_main
54136,166.130108897,38.2413648053,6.01,I/239/hip_main
54178,166.2385366217,38.4105523093,7.83,I/239/hip_main
54210,166.3829045179,38.2759916682,8.7,I/239/hip_main
54235,166.4514713491,38.394354851,6.92,I/239/hip_main
54267,166.528018889,39.7952173803,8.28,I/239/hip_main
54270,166.5330851355,40.9270334592,8.37,I/239/hip_main
54334,166.7218382971,37.7703296943,10.53,I/239/hip_main
54343,166.7566846651,36.7365459011,8.16,I/239/hip_main
54345,166.7666918319,40.079209094,9.55,I/239/hip_main
54376,166.8767789848,38.9511369755,9.12,I/239/hip_main
54392,166.9438105412,39.7699037518,9.99,I/239/hip_main
54422,167.0497728703,36.764628451,12.17,I/239/hip_main
54426,167.0583938862,38.4266314502,8.35,I/239/hip_main
54428,167.0609516497,36.4546461742,8.25,I/239/hip_main
54522,167.3295003665,36.309378969,5.71,I/239/hip_main
54579,167.5336992216,39.4040215844,11.05,I/239/hip_main
54591,167.5807808508,38.6664028198,10.14,I/239/hip_main
54666,167.8546755661,37.6983105444,8.5,I/239/hip_main
54695,167.96266848,37.123499719,10.53,I/239/hip_main
54726,168.0617146706,36.8927025767,7.45,I/239/hip_main
54832,168.3853151786,37.1197405435,9.4,I/239/hip_main
54941,168.76291736,37.5786449463,7.53,I/239/hip_main
